10000 10000
5589 9029
3966 8876
5525 8690
5343 6895
2216 7132
1441 4189
3348 7580
1441 7906
6400 7886
3881 9504
5836 7856
2216 3605
4806 7248
965 7337
1640 3150
1739 1924
201 842
845 9516
4030 5951
150 8582
6167 8586
4030 5947
6332 6610
1640 3029
1739 2745
3348 8360
7217 8978
150 4677
1585 5053
6449 7177
4851 4878
6256 9375
1842 2683
2805 5702
2805 3966
3504 5420
3504 9051
341 820
6449 8003
526 2722
3970 7248
5836 8038
150 6553
5827 7800
5836 9368
1920 9311
89 1656
1739 8689
1842 4570
1781 8221
8236 8950
2216 2759
1920 5922
2216 4022
1640 1977
185 7327
6315 7788
7132 7261
3348 3966
1739 2720
965 5922
3348 5153
1842 7099
150 3636
2216 6853
185 7177
341 6217
4030 5379
1640 8327
8236 9665
363 3683
8079 9368
965 3992
1920 8596
341 1845
3063 6093
1920 3636
1920 2603
1441 4694
6487 9374
8571 8582
3605 6315
6343 8973
7132 9272
150 8409
4101 7671
3348 5605
1739 3834
965 8831
6962 7802
2216 6004
687 6803
5525 8827
2709 5045
4806 6126
2458 3966
5836 8370
6480 7058
3561 5126
2216 4168
3795 9665
8079 8975
3966 6449
3966 7008
4085 6153
8236 8959
1640 5053
1781 2745
3966 4022
3605 7722
6400 8756
6315 7177
1491 4433
5836 9011
1585 9198
150 5748
3970 4480
3970 5998
1920 6231
185 8078
5836 7886
7580 9926
4189 4278
1842 4026
3795 6757
5836 7085
185 4697
1585 7580
4014 6506
4889 5176
833 5450
8236 9316
3348 9311
965 9109
1920 3010
3605 8596
4806 8689
1967 3978
1920 9707
1781 4545
3970 4026
8634 9912
1441 7918
5589 9707
341 4480
8079 8317
7217 7705
5836 7008
8756 9707
1739 4189
2458 8236
2805 8571
1842 6217
3504 8959
3504 3834
2216 7817
2216 6784
2805 8177
5525 6440
341 3591
3834 6487
965 3002
2805 6192
4662 6620
5589 8236
341 1585
4030 5782
290 5776
1506 4572
5525 6231
1739 2458
1915 3270
3504 7085
4851 7722
8079 9316
4495 5259
5525 5922
3240 5981
3966 4677
1640 2255
6449 8079
150 4019
1915 8300
4030 4444
1920 8480
1585 2245
2805 8079
2812 8843
4030 6400
3966 8571
341 3435
341 3504
185 9792
1640 4583
1739 4942
7580 9051
869 5230
1441 8177
1842 4478
1585 8950
1781 2054
1739 7705
3664 7337
3795 5644
5468 8780
185 5644
341 9880
3504 7287
7132 7201
8569 8756
6449 8095
4030 6487
7500 7836
1920 2979
6400 6936
965 1762
1842 4532
6092 6126
150 9707
1640 9771
7632 9666
4851 8582
822 3087
515 993
8079 8978
6332 8674
1640 6707
2202 5640
150 4851
1739 3123
4851 7217
3605 7808
3504 7768
2805 5259
1739 5420
5405 6104
7580 9809
210 1490
4806 7768
1441 4579
1806 5503
1781 3002
2458 7201
5580 6112
2350 3219
8571 8690
4851 5644
2216 4603
1585 8959
1170 2078
1640 9311
6644 7819
150 2800
1920 7856
1739 7728
2458 2658
5525 9097
3504 7580
965 4133
8569 9109
1920 3123
2263 6745
1920 2212
6332 7722
1585 7705
5525 8095
7132 9578
185 4570
1842 2942
1585 9880
1585 2406
789 9455
8571 8744
1441 4444
8079 9051
4030 8327
6400 7705
1842 4137
1585 5702
965 1749
6400 9880
1920 6126
341 6167
1640 5090
4455 9386
1739 8360
8569 9665
965 7327
3605 5379
4030 9389
4851 5053
150 4478
6400 7823
2458 8079
965 1979
341 8674
6644 7287
3605 6167
4851 9523
2805 9368
6487 7918
7217 8480
3605 7906
1781 2588
1739 4495
926 8017
6487 9389
3605 3649
1739 5251
6487 8690
3646 4081
965 3664
8078 8135
6315 6400
3646 5134
3605 9523
1441 8674
5525 6853
5836 6853
1739 5090
6644 8038
4030 7934
185 4603
8689 9316
8079 9198
3605 4026
150 5998
5589 8975
965 7918
1441 7248
3605 5259
6332 8571
4851 8959
5836 7722
150 1804
150 4532
3795 4545
1781 7327
3480 3824
6610 7008
6315 8744
185 6487
2458 6437
1640 6192
790 9809
185 5782
8236 8634
2805 4168
2216 5636
965 4593
965 7580
4981 5554
2805 6217
3504 8876
1640 6644
4030 7768
1361 6592
150 5836
1640 7327
7217 7919
1441 9809
1640 6135
6400 7132
5589 9796
8634 9029
2805 3605
2458 5307
3605 7934
945 8862
6333 7856
3620 9486
1842 9571
5525 8003
1920 9725
2458 9578
5589 9311
650 5638
7217 9725
3970 7641
1781 4593
2216 7934
1441 2310
2216 4677
341 3368
1441 9880
3970 5307
272 7415
3966 7248
185 2426
150 8236
3252 3586
3970 6231
150 8221
4855 5845
5525 8975
3605 7705
185 5259
6315 9311
3605 3834
1739 4677
185 3834
1797 8369
8689 9389
5589 7327
6449 8317
1640 8480
1920 9272
1585 3966
6315 8695
150 6803
8236 8409
185 9665
185 4780
3605 6936
1441 9578
7132 8317
185 2759
1441 8235
3605 8215
965 1608
2805 7819
8236 9707
1781 9175
6644 7856
1920 2771
1640 8038
1781 3605
185 920
1842 2054
842 4626
3970 4942
892 5438
3966 8023
1842 4942
4591 6251
3348 9198
341 6548
3966 5525
1739 6853
1842 8689
3970 9109
3605 6332
2216 8831
1781 4579
1920 6440
6449 8510
1585 8756
8236 8571
4851 6126
1568 4137
557 6272
3605 6406
5836 8674
2245 9029
3795 8510
6181 6900
1441 8827
7132 8695
968 1640
185 6553
965 9389
451 4422
1920 8169
5589 9578
2079 6562
4583 5196
150 1608
3504 8095
1585 4801
3970 4579
185 8586
6400 7774
3605 6400
1920 5196
6449 8536
4898 9948
3970 5782
6487 7580
4851 6315
7008 8689
150 1382
7132 7819
1937 2817
2106 9303
6332 6437
150 258
3023 9912
3348 3591
341 5104
3504 8744
1842 2382
3966 9198
6487 9912
3605 4444
1749 3435
1464 8996
5525 8135
185 5589
1781 7132
5525 5782
6677 9639
3348 4444
658 1675
7132 8690
2216 8327
1781 6575
1441 3150
1920 2720
6400 9827
965 7287
1842 6548
7008 9771
2805 7201
341 5430
3970 9198
1640 2796
185 5153
7132 8135
2216 7681
5525 9051
185 589
3504 8221
185 7788
1842 6482
4030 4778
150 1568
1441 7788
185 8536
8569 9792
3605 4322
1210 7409
1585 6803
965 2745
6644 7774
5589 5709
2216 8003
1920 6548
4887 4925
2458 6707
3970 6400
8370 8582
1842 2406
6315 7201
7217 9707
965 1441
4590 5240
4708 6092
965 9827
6400 7261
1585 4030
1842 2212
3966 4806
3348 7823
4806 5351
150 9366
2805 8536
9603 9819
4030 8079
5131 5570
7008 9316
185 1585
341 3123
1441 9771
3504 8480
3348 7728
1640 6042
6400 9011
1640 8095
5525 8510
6400 7819
2216 9755
3795 4780
150 1196
185 4019
6644 8169
1739 6644
5507 9135
4030 9827
2216 5251
4806 5090
8569 8886
4030 8023
6400 9097
1781 7287
150 8764
5746 9040
834 9940
2458 8215
1400 5579
1441 9272
5241 5731
7580 8744
8569 8764
4806 9109
1920 2255
965 1133
150 1133
5215 8565
8480 9316
4806 9926
2216 5951
185 7662
1781 6217
5836 6784
3936 8565
1739 6126
4030 5420
6487 8360
3970 8975
7008 9311
2458 8327
8959 9272
6400 8764
1739 2341
3593 3623
8078 9725
1781 4989
6422 9714
7132 8456
4851 7641
965 6192
4030 7420
341 4495
6487 7337
3348 8571
1441 8327
1920 3368
1920 4780
5343 9127
2216 5605
341 9926
7217 9109
6187 7390
5938 8415
5589 7420
3348 7177
1842 8360
8569 8744
2989 6857
3970 8177
1739 8744
2216 6487
4806 7817
6315 9368
5016 6115
4851 9827
4806 9476
3966 8456
2805 7728
8480 9175
965 9926
2216 3960
1441 5951
1739 1920
1781 2245
4323 6304
6449 7856
150 9755
6449 7819
5670 7394
185 5351
2216 6315
6449 9368
2182 2901
5589 8690
7132 7248
3795 7662
3966 6192
1781 3641
8078 8370
3795 7446
1842 3173
6332 8115
1920 5178
8327 9198
7217 9097
2805 4161
7132 8674
2572 5409
8756 8959
3970 8827
5589 5636
2805 9523
1739 9354
2216 4708
2216 7446
1739 2800
3795 9926
185 9827
150 7906
3605 8756
3970 4570
3504 4137
8480 8876
341 6644
3795 5430
3966 7327
3966 7662
1640 1979
5518 8376
2458 3586
3795 6135
1920 8023
1585 7906
185 9571
1739 2411
185 3010
1640 2426
5525 9175
150 1178
3348 8456
2458 7261
4441 8700
794 3380
965 1779
3795 5998
1781 4570
2458 2800
3348 6803
7132 9755
7580 7906
150 8003
7132 8235
1585 2212
469 9603
1640 2489
8756 9368
2458 7817
1499 7248
3966 7906
1673 6400
2458 7292
2216 9725
4806 6400
8079 9029
185 5431
1748 8023
185 6936
150 6575
3605 8456
1585 9354
1640 9827
3970 6437
4806 5947
7580 8235
5836 8456
3364 3556
3009 4179
4806 6553
5589 9725
592 7903
2458 8569
3795 5709
965 8169
5836 9792
3795 8003
4806 9707
185 8674
4806 7918
1781 8569
3605 4480
1842 5709
1583 4308
5836 7327
1441 5259
3605 7681
8079 9366
4030 4989
8480 9792
112 1173
5836 6135
2021 9819
3795 8115
185 9311
3605 5951
3966 6487
6315 9792
4444 4593
1842 5851
542 2533
4851 6135
5525 5748
5589 9571
5589 8634
5390 5981
6135 6400
150 4942
1842 3252
7580 9707
6487 7261
3970 8095
1781 8695
7008 7918
3605 5104
3966 4878
2458 4478
2216 6333
1441 6004
5525 8674
3970 4522
1842 8023
1441 8023
5994 9219
1781 4116
8571 9374
6315 6757
6487 8582
3605 5053
4030 7681
1628 5706
3970 6707
8569 8876
8480 9374
1441 2588
7132 9665
1640 3252
6332 6707
185 1920
4603 6553
8571 9198
5525 7327
965 6575
4851 7768
8756 9880
1441 5104
7008 8876
1842 2024
965 9366
6449 9827
341 2901
6400 7292
4806 6437
3966 5782
185 3435
1842 5053
3348 3463
6332 9578
1441 9368
341 5379
1739 3157
4851 6406
965 4444
869 6906
1920 5450
5525 7132
822 5531
8079 8236
2216 3970
1441 7327
1920 7705
8756 9311
1842 9051
4708 6936
2360 8456
341 5420
3970 4851
3348 6333
1781 1845
2458 2489
185 3463
1781 4780
2458 5998
2216 4697
1640 9097
5525 9198
6449 8169
2754 5353
3189 3820
1781 4778
3605 8135
1781 6231
6487 9198
1585 5851
3970 6610
150 2446
6315 8510
341 4116
3605 9316
557 5959
2216 5525
3348 7248
3605 7261
150 8634
2458 7446
5525 6400
6487 9316
2574 7729
6332 7934
1781 2805
2950 5231
5589 8536
150 965
332 8973
576 2745
185 4478
6315 7919
3605 8689
2216 6548
1920 2216
2216 8582
2805 8756
8480 8695
965 9316
7580 9571
341 9011
3966 8831
3992 4851
8480 8959
4311 7945
6217 9771
2805 8038
2458 6449
6449 9725
4851 5196
2805 8690
3795 9097
1781 8078
341 3029
341 8221
1585 5196
1842 4030
1739 6610
1499 2238
7217 7918
1585 5445
6644 7177
2458 8695
150 1406
7039 7958
6644 7918
8634 8950
6315 6437
341 2588
150 7085
1842 4878
2216 8236
1640 4019
1842 2245
1640 4161
801 5677
6862 7537
150 8079
6449 8135
4851 8674
150 2796
2088 4745
7132 8038
3605 6548
4030 7327
341 5851
6332 8695
1781 8235
809 3312
1585 6644
4806 7420
4851 8327
4030 5999
1585 4778
1441 4989
7580 8634
3348 4780
185 3368
965 6482
5836 8744
6449 6803
1441 4022
150 8095
2458 3463
1640 2658
2216 4570
1739 7248
3970 4486
1920 8978
2458 9354
3504 8038
1441 4583
8078 8571
6440 7446
4806 6406
4397 9905
1213 1749
2216 8756
4806 6004
3970 4495
6400 8634
1640 4137
2458 8959
965 8634
1842 6135
341 5605
2979 8876
1039 9446
1441 4019
5836 7292
2458 7934
341 8023
154 698
965 8674
1441 5251
2411 6757
1441 3436
3504 9725
5999 7580
3966 9755
1842 6449
1739 9368
5525 9792
7132 7934
7008 7856
2709 7262
185 1658
4806 5445
2805 9366
3509 9667
3970 5153
5836 8876
3966 6167
1781 2658
6644 8674
3504 9366
3966 4697
2652 9393
4030 5431
2866 3813
3504 8634
3970 5702
6196 9037
3872 5059
6315 7774
2805 4022
1640 6553
3706 6037
1920 6575
3966 4030
1760 3208
5771 9295
8078 8978
965 7201
2458 9316
3795 8831
3348 4189
1781 2446
3348 3586
6449 8876
7580 8221
1781 2942
3970 7808
3970 8596
5525 6449
6449 7008
3504 5450
2458 2720
1739 4780
1920 2024
7184 9186
150 5644
1585 3348
1920 9374
1640 4579
185 3636
1441 7132
8236 8569
8569 9571
965 4694
1739 7177
6487 7722
4030 8689
2458 9571
185 623
5525 7856
2805 8115
965 8569
1781 4022
1441 9366
7008 7934
5443 7039
1611 9617
4806 5702
2216 8569
8569 8831
2491 2546
8689 8978
8078 8831
7580 8480
1781 8571
965 9571
6400 9316
3970 4019
3145 3429
7476 9693
1441 7728
367 1426
4030 5589
5589 8023
150 4549
5836 9578
5589 7768
8165 8713
3605 4593
5836 8950
1739 7580
239 9658
8480 9926
1842 9198
7217 8959
185 1749
4851 9476
3966 5445
1585 3002
341 8634
965 6332
1739 2001
2805 6936
185 6315
4806 6449
3795 5153
579 9329
3504 7918
2727 3188
5589 7580
2232 4447
5525 7420
1585 2216
185 2446
8079 9374
6449 7788
1441 7420
4030 6784
8569 8975
1640 7132
3348 5999
4806 5379
3966 6437
1640 9665
7008 8177
2216 5836
8078 9389
4030 4161
1228 2203
2374 5756
1585 2805
7580 9311
1640 3641
2337 2781
1739 4532
3795 4806
1441 3010
8236 9366
7132 7337
185 6400
1739 7008
4081 5687
6487 7819
150 6757
1739 7919
4057 4746
1842 2901
1640 9374
6969 9165
3504 5636
2805 3455
4851 6487
7217 9368
7217 8221
965 9771
185 5445
1842 4677
3966 8236
3795 4778
185 9354
761 1561
5589 8571
2424 8081
5589 7722
8634 9880
1842 7886
2510 5594
3960 8950
1585 8135
150 8827
1781 2720
185 471
341 8764
341 9755
341 7819
2805 8169
965 9707
1640 6449
3970 6644
150 6167
3348 4168
6135 8003
2805 8695
7132 7774
341 9109
8571 9316
1585 5922
3795 4137
965 5196
6487 7217
5589 6004
8078 9880
6449 9755
1441 8690
1640 2341
965 2245
3235 5454
3605 6192
2216 7085
1441 3605
2458 4532
1640 6482
2216 3966
3970 7446
1739 2397
2001 4545
1781 9051
3504 6315
3316 7494
7217 9523
2745 3098
6449 6610
3504 4697
4942 9097
185 7099
1781 8831
3504 8317
3970 4030
4116 9755
2458 5525
945 9136
3970 8690
6332 7817
7580 7918
2504 9186
3348 6126
6400 8360
13 1561
8569 8950
1640 8215
1842 1920
6449 7906
1585 2411
1842 5431
3966 4851
6315 9316
150 6610
2805 3436
965 9311
4806 7132
6315 6548
1739 3795
2805 4942
3966 6575
1920 9366
3504 6449
6644 7934
8569 8596
1585 7420
4319 6986
2458 3157
3966 7919
1842 5836
5589 5851
2021 2754
1640 6406
3130 4350
1842 8586
1585 4019
5589 8950
1585 1924
2216 4161
341 5445
150 1499
2216 5420
1781 5431
3504 3586
3966 8950
185 7906
6315 7008
8698 9516
185 2397
965 6092
1849 9375
3348 3741
515 3213
2805 3029
185 9523
6332 8950
5065 9863
1920 5605
1781 2603
2216 9316
3795 6853
341 3636
4851 5450
1156 2347
4851 6936
6332 6644
3795 8078
3970 7261
103 2730
1585 8831
3966 5605
2653 2768
8095 8827
1441 8456
965 5420
1920 5445
4030 5053
1781 4137
1920 2397
6332 9029
3970 7768
6315 7681
4851 9109
6623 8295
4235 5616
77 5711
3352 3429
4806 8634
6400 9109
33 2913
4806 9809
8959 9755
341 965
1585 3455
185 2588
5525 7728
1781 8115
5836 6092
1640 6803
4030 9374
1441 5307
3966 8177
341 2310
1920 3150
341 5525
433 981
1585 8023
185 4967
5702 8756
1739 9389
5525 8596
185 2238
150 6707
7580 8078
210 5969
185 8886
341 9571
3966 8115
4030 6135
6332 6936
6644 7099
8571 9707
6400 8582
3966 7446
6400 7248
6449 7641
964 1583
4030 6707
1001 2367
1673 5836
150 5420
341 1539
6449 8674
5525 7819
2297 5357
3795 7722
3504 6784
250 8107
6644 7823
2458 4919
1441 2446
3605 8078
341 1749
4806 6610
1781 4133
8634 8975
1585 9374
1781 7906
4030 7085
2458 6092
3966 6217
341 2664
4806 6092
3504 5851
7580 8095
8634 9011
2458 7819
4851 6400
7008 7132
3795 7337
4851 5445
185 8596
2458 9389
6449 9792
7008 7327
6644 9354
341 9175
3504 5748
1924 5178
3348 8536
5589 6803
6449 8360
6315 8886
6449 7217
6332 8079
150 2944
1640 2588
3605 9389
965 968
2216 2489
384 4488
6449 7287
1585 4116
8689 9175
4030 4780
1781 7085
965 2411
6449 8480
4183 9903
5525 9368
8964 9486
5525 9571
8585 9940
6449 9198
4851 5605
341 588
2458 5999
4851 8177
1585 9725
3992 4161
4806 6853
3966 8744
150 8135
3970 8135
3966 5153
1920 3591
4851 7819
2216 2720
3504 7641
2805 7774
8959 9792
8959 9366
7008 7768
6386 8969
965 4522
2805 6092
3970 4697
2995 4464
3173 4579
1842 8169
3417 6627
3348 7918
341 589
4030 8695
1842 8975
5836 8536
1441 9827
965 8978
185 2563
6449 6936
1739 8586
1441 8038
185 9796
150 811
5589 6437
150 4878
341 2054
150 6936
2805 3649
6315 7641
1441 2534
2805 3795
4030 8886
1842 3960
588 5053
5525 7446
7580 9523
6644 9792
3970 4505
1640 9571
341 4478
1441 3960
150 9725
8079 9707
8236 8764
965 7823
6447 6718
3630 3975
1920 8360
1920 2245
8634 9368
4082 4586
3834 6406
2805 7248
4806 5951
7217 9311
3504 9368
2805 8095
1739 4161
1842 2397
3966 8480
7008 9366
2216 7217
965 8510
5836 9571
185 5922
6332 9912
4806 7261
965 2216
5836 7808
4478 9792
3605 6042
185 9029
1585 2001
1585 8360
4851 7662
4806 8038
1441 9707
341 8510
8569 8959
5134 6774
3504 6482
1464 8031
4851 8689
6315 8950
965 6610
6487 8950
6644 8078
1739 2534
1920 7446
1739 8235
6202 6518
5836 5999
8569 9029
3605 4486
1920 5090
150 8978
3970 9809
1739 8215
3504 4549
2458 6333
1585 1762
1441 6217
150 1920
492 2215
3970 9792
3348 7287
185 7919
4806 5525
965 2238
7132 8003
185 3023
341 7886
2216 2411
6332 9880
965 4486
7580 9792
1441 8115
1441 8095
965 3368
4851 8221
3504 6548
5836 8596
3605 9354
1441 7287
1920 3970
698 2913
2805 9389
4851 8317
7132 7662
3795 5702
920 9792
3504 7177
1920 6936
5589 9476
341 7788
1920 7580
150 3348
5589 6231
3966 3992
3795 5379
1585 2382
8634 8695
3504 3741
3861 8849
3795 4026
2266 3280
3504 6575
965 9374
3605 7817
4851 6784
6400 8690
6449 8456
6487 8756
3348 7906
4806 8409
1640 3649
6400 7287
6332 8831
6437 8317
2458 3977
1920 2518
1781 8135
6315 9029
85 1359
1640 5259
1585 2800
6181 7191
1585 3795
341 2800
1739 7823
1585 2458
8544 9388
6315 8959
965 7728
150 3435
2805 6610
2458 2759
2458 4161
3795 4603
6332 8959
3605 5431
479 1781
1842 8236
2458 7641
4523 5182
2851 9872
3795 7085
4851 6042
77 8724
3966 7337
1441 4133
353 9872
1585 7823
4851 6004
7008 7580
3966 6092
2805 9029
341 3157
3605 9097
5969 8980
1481 3813
2458 6803
809 5849
4851 5178
185 7132
5265 7596
1920 8764
1739 4486
6487 9665
592 1572
3114 8340
1640 2406
3348 9366
3970 9368
1781 5251
1842 2720
341 2759
1441 5525
7217 8079
185 4189
6400 9771
3966 9827
13 8180
3795 4570
9374 9880
3795 5450
8480 9707
1739 3023
6644 6803
1640 8756
1441 2942
1739 7808
6400 7918
1441 2800
5589 7641
2458 9368
3966 8695
1640 2771
2216 4780
3795 9366
5589 7099
4806 7906
5589 9175
3966 6135
2216 6803
1781 4919
150 8370
1640 7662
1739 5450
2216 4532
1640 9316
185 1781
8569 8634
7132 9389
150 2942
3504 8079
3605 8317
3504 8827
341 928
3966 4967
3605 6333
2458 9880
3970 8235
7132 7327
1781 5430
8634 9523
2458 5636
1842 6553
2458 8360
7217 9912
5386 8441
2805 4583
6449 9316
7337 7774
1441 1748
6543 7932
3504 5104
5525 7722
150 2069
8079 8689
1897 7703
6449 8370
5589 7919
185 2738
1640 8695
1842 4579
2216 6406
2446 5947
1068 2255
3970 4780
185 1178
4507 9386
3348 5644
3605 9051
1640 8079
2216 8596
3795 6548
3348 9175
1640 7008
341 9051
185 2805
2458 3970
185 6406
1781 8827
2805 6784
1441 1924
6400 8744
185 9366
1640 2720
185 2360
7132 8095
3966 9880
8634 9476
6644 7327
1781 8177
150 6644
6644 9366
1272 1760
3348 5445
341 6707
965 4022
2489 5420
8079 8950
1441 5702
6400 7446
4599 8275
4780 7662
4276 4303
1920 9827
1640 9796
3504 5259
341 2245
3504 5922
7132 9809
3795 4593
341 9578
8003 9368
6231 7085
3348 9792
1920 4495
8294 9998
2458 8876
2123 8243
8689 9880
1640 7292
3966 9109
3970 8959
8037 9916
7580 7728
185 1842
9757 9879
5589 7287
3970 4967
3966 7886
1920 3741
4806 9827
3795 7008
2182 8409
3970 4532
6332 9198
8078 8456
1920 3586
185 5836
185 9316
2458 9665
1842 4545
4806 5431
2805 5782
150 920
3970 9051
1781 2796
1585 2464
7008 9578
2896 5937
3348 4322
185 341
7217 8674
1382 4583
3072 7371
1303 5318
2805 5589
5525 9771
150 7934
150 1749
5589 5702
6758 7910
6449 7774
1842 8078
965 4878
6400 8695
6487 8215
6644 9389
8959 9827
341 9316
8689 9912
7008 8135
4851 8480
2216 2397
1842 8536
7217 8177
185 6332
6400 8536
1640 9912
965 6315
341 8079
1956 5332
1781 7261
1920 5420
1640 4478
1585 4278
2216 8078
6400 7722
6487 7248
7160 8182
4030 9272
1585 2360
1739 2489
1781 7823
1640 7817
185 7681
1842 8327
1441 9311
2216 9272
2458 8975
1441 2683
1640 7681
1441 3636
1781 3504
1920 8221
6315 8079
1031 1174
8078 8095
6644 9374
1640 5644
1920 6192
3605 4532
4435 6260
185 1200
4030 6315
3855 8604
3966 8409
1920 8095
3063 6000
3348 8582
2310 9109
7580 8756
6680 7787
3795 3992
185 7085
2069 4778
3970 9796
2458 7919
1739 2464
8079 8409
1842 5259
7580 8695
3795 3834
856 8654
3795 4989
6487 9354
335 3706
6449 8959
185 2255
794 5619
3504 6440
1781 4967
5525 8317
3348 4806
4352 5361
7580 8959
7217 9665
1842 8370
658 3417
1920 7819
3504 4522
1441 5178
2223 9298
4189 5251
729 2427
3795 8038
1492 4130
150 2805
150 6482
3348 6757
1739 9366
1739 9097
1640 7446
5589 7337
2805 8586
820 3455
239 1601
341 7705
1640 8744
1640 8831
2458 9523
965 9354
676 4314
3348 6004
185 7337
965 9051
5836 7580
5589 9389
6400 6803
199 8315
5589 8876
1739 7217
3795 4133
185 8456
5836 9827
8569 9771
3404 8280
2458 6784
3348 3992
6487 8003
1483 9874
2458 6487
6487 6553
6315 8327
953 8493
4851 5702
5836 7287
5836 8582
3504 4409
7008 9011
7008 7177
5589 6332
1585 7728
7008 8409
2216 3455
4030 8317
3970 7817
3394 8879
341 2658
1640 1779
7580 8327
4851 6333
1585 4522
1842 5090
2458 4989
2216 7722
1441 4522
4030 7261
1640 6853
1585 7201
1842 9389
2805 7722
341 3455
2216 2664
1640 3435
1781 5090
3966 8169
8480 8571
3605 3992
1640 7728
150 1482
8220 9561
4806 6548
1781 9578
1732 3101
4851 5589
8689 9755
965 9523
1039 3349
6400 6610
185 4532
1920 7337
735 6620
4851 9912
576 2901
7132 7906
6315 7261
7217 9926
5589 7886
3970 9097
6487 7201
5430 8695
150 2310
3504 7132
8079 9827
7525 9649
1739 2588
1441 3098
1781 7292
3966 8596
5332 6906
649 4332
2458 4878
150 9926
2216 6231
6315 9198
1920 5782
1739 7856
185 6440
3348 8831
1920 8135
2534 3741
2722 3145
1842 4409
7580 9476
1842 9725
5525 8569
2216 6936
6644 7420
7217 8038
1920 3795
1906 8340
648 7728
3348 6332
150 3960
3605 8569
1640 4189
6644 8586
7580 9366
2610 4858
2297 8891
1585 5090
6507 9998
1441 7681
4851 8095
473 7610
3605 5450
2805 7132
2458 6192
1781 4444
3795 6784
4851 9725
1842 6004
5589 9316
3348 5709
5836 7934
4542 9770
4570 7856
185 7819
3504 8690
6449 7918
2805 8480
965 7132
185 5998
1640 8115
8634 9827
8959 9368
5836 5947
3795 7768
6644 7580
6400 9665
2223 9347
2805 3150
341 6936
1781 8744
150 4189
3504 6487
1920 5307
4250 8037
2460 3337
756 3554
3966 7085
7008 8510
1920 3463
3504 4322
2216 2398
1920 4480
8236 9725
1441 4878
5525 8950
5133 7192
965 4549
1585 4878
1585 4806
960 3289
1781 9476
1739 8221
341 1739
2212 5782
185 5420
1640 5748
1611 5594
1739 8886
4806 8079
3348 8876
1640 4919
1281 4957
7008 9175
3504 8536
3970 8456
3795 4532
1927 2152
1739 3992
1920 8115
2805 7856
6315 8169
1441 1781
1585 7261
1781 6333
6315 9578
150 2001
733 7177
150 2382
3504 7705
1739 2683
3348 4593
4851 8235
2216 8038
2805 3586
8078 8115
2216 6135
8078 9926
1781 6406
1842 7819
1842 7774
150 8831
3875 7668
8959 9011
965 2800
150 2182
7008 9109
1640 5251
6400 7728
1781 1842
341 9665
3348 4486
3348 9809
150 2464
6315 7292
3795 9707
4851 9374
8634 9354
4806 6757
3504 3992
2464 4806
150 7728
341 3348
1781 3977
1842 6332
185 4486
185 8115
2581 4136
8079 8510
4030 9771
3348 9523
3970 8409
150 4919
965 2310
5525 9374
6487 8536
1920 3002
1781 3150
1585 8674
2458 4116
7217 9011
1585 9029
965 3463
1640 7906
4030 8360
1842 4444
2216 8510
185 9109
1781 1977
1441 3252
1091 3025
3966 6406
7580 8003
1739 4694
5589 6707
9757 9878
6332 7177
4851 8079
1842 8456
3348 6217
2805 6575
1842 4019
8689 9578
6644 6784
5836 7768
7132 9051
6644 9926
3970 5450
2216 5090
5525 6610
965 3010
1781 6332
6315 8221
4851 5420
5589 8569
965 4851
2123 3466
7580 9097
5836 7337
7819 8135
4806 6784
7217 9809
4806 8360
965 8115
150 2245
2216 6092
185 8409
1739 3491
7008 7261
4871 7592
2216 8317
1640 4322
3970 9311
5589 6784
7008 8317
7580 8831
1653 2637
3605 9029
6315 6575
3966 8317
5760 7932
3235 7836
4851 8634
8236 8744
6332 6333
1585 7817
1739 2805
341 6333
3504 9523
6487 7681
5836 7641
965 9476
7217 8950
1739 4989
3970 7008
1585 8078
965 6548
1781 2534
1261 7111
7008 9707
185 2024
2458 5196
965 6126
7008 8582
6332 8756
2458 7768
8634 9771
2387 7898
6487 7919
6449 9097
190 4908
1800 8221
6487 8510
6272 8917
2458 3023
1842 4522
3348 3491
1920 9051
2805 4549
2664 4806
3504 8360
6644 8360
1739 8596
1048 3412
2812 2814
4806 7201
1441 9523
5258 7213
1640 9725
5525 6042
965 7261
3647 6260
3970 9374
2216 8634
965 4780
6315 7808
438 3996
3348 7817
8078 8689
1640 9755
4030 9707
2216 5709
1781 4583
5525 6332
1781 8634
150 8480
3504 7420
5836 8317
1842 1899
965 2588
1640 7287
1739 9755
4851 9809
341 2212
4030 7823
1920 4532
4030 4603
3795 7580
8078 9109
5836 7819
6644 8317
1781 3664
3583 4098
2216 4694
3348 3368
6400 8169
4030 4486
272 8538
4348 8128
1585 4677
3348 8370
2805 8003
341 4532
965 6135
1781 3992
3795 8135
3970 7327
185 4942
6332 8690
1739 3029
1920 4026
1739 8764
2458 3992
4851 4989
1781 3157
2805 8327
2216 5431
3966 9311
2216 3977
4851 5251
965 8586
2805 8764
8756 9827
3348 3436
1781 8959
479 2216
1868 4417
341 8215
3605 5090
7217 8360
9792 9809
2805 9097
3970 8536
2805 6757
1585 4549
5836 7217
5589 6126
3504 8586
3348 3504
3966 9792
965 5836
965 3970
8717 9047
341 4161
2458 8586
8756 8764
1739 8978
1739 9198
150 6332
8078 9827
4806 7934
6644 9665
8236 9827
3504 8978
1739 4019
8571 8756
1640 6333
9880 9926
6332 8078
3348 4967
2817 4340
341 8876
4030 6042
1739 2664
2216 9827
1635 7175
3966 5379
1739 3586
150 7132
3970 8831
4030 4278
1719 3526
3348 6936
1842 3435
1739 8023
1196 4549
6315 8569
3795 7728
1585 6936
7132 8409
7132 9523
1585 6315
1779 7641
341 2563
6449 9809
3504 7008
5525 8215
2216 2648
150 8690
4806 4989
1585 7132
4532 9707
2054 6231
1525 3130
1681 7370
2216 8235
965 7722
1920 3504
8689 8695
6315 8235
8236 8756
1920 9926
1842 3970
2035 6994
5525 5998
4030 7919
1585 4532
341 6803
6487 9578
2216 6167
4030 8095
5525 7008
6644 7705
1640 7337
1089 3605
2458 4022
1842 6803
3504 9354
3504 7886
341 7099
3348 9051
3966 6400
3348 5636
5589 6936
150 4806
3504 6231
3605 9578
1640 8370
1842 3029
1585 3157
4525 6078
6449 7327
1441 1800
3966 6853
7580 9374
4806 5709
150 576
8689 9272
341 8978
2805 2979
1640 2182
3504 9827
185 7705
1640 4030
4851 6575
8480 8756
7580 8236
2458 2745
150 8317
3605 5196
1441 4851
6548 8215
3795 9198
2458 6575
3605 4549
1748 8169
6449 8596
341 7132
185 790
5836 6449
3966 8756
5589 8317
965 7774
1441 6644
5836 6575
1920 8571
1640 5196
1585 5709
6400 8827
5525 6217
1585 7248
3795 8586
965 6757
599 4501
4310 9328
150 2238
4271 7024
2658 4801
185 2800
5836 8689
3077 4728
1920 2805
3348 4942
185 4549
2563 9926
3966 7420
150 4967
187 9165
1441 1482
1920 6167
1739 3970
341 8236
3970 6440
5525 9029
2458 9476
1739 5445
185 1739
1739 8975
185 1762
4806 9665
4806 8235
3795 9051
6644 9725
3605 8236
965 4806
1441 8950
341 1089
6449 8582
3504 6135
965 4545
6449 7446
3605 6126
1245 7476
1585 1749
6487 9175
6400 8409
3504 7292
3795 9354
2385 8448
349 8255
1781 6853
150 9051
6644 8327
7217 8456
3795 8975
965 4409
341 5450
5836 6315
5589 8370
1956 8595
1739 9796
1585 7217
1585 9771
1585 9109
8569 9578
1842 9476
1047 9058
341 4549
1739 7918
2805 6803
6054 8640
6400 8317
1640 1749
5385 7547
6487 7085
5525 7662
8569 9316
2216 4942
1585 2398
2458 6332
1842 3157
965 2212
3504 9097
1842 4583
249 3507
5125 7175
3348 7774
3605 3960
4806 8023
4806 5251
3970 9366
3605 4878
341 5431
341 7261
1781 7918
1739 8169
4851 8038
1920 3992
6315 9051
3087 5092
3504 3960
5589 7808
1585 8978
185 1482
1951 4323
1640 7217
2216 8876
2458 8078
341 2979
8634 9578
185 4137
5836 9311
6332 7217
3605 8827
3348 4478
5589 8764
1842 6042
3504 6644
2216 2563
1781 1804
2216 6042
8571 9926
185 6092
7008 7292
6449 8827
1441 8831
1842 8095
1640 4942
5070 5687
2730 6875
2874 3291
5525 8221
6351 8493
8078 9097
1920 9175
7217 7817
185 877
150 9198
3966 3970
4851 7337
1781 9011
1920 2054
185 3960
150 1979
3970 7217
150 3491
341 6487
150 6449
6315 8689
1781 6004
2458 8831
3504 4780
8634 8827
6400 9912
1585 6333
5589 9755
4806 7728
5525 7085
3795 6231
6644 8409
3023 3348
1640 3463
3348 6042
8480 9109
185 2720
1920 2563
7132 7681
4030 4116
8236 8536
4806 7327
6400 6707
2216 3023
3795 5178
4030 9523
3454 8841
341 1568
6230 9861
3970 4549
341 5351
3504 5709
965 1899
3970 5196
341 1874
1781 8978
5183 8953
150 5351
5026 7680
3348 3977
150 5053
2727 9640
4806 9198
7008 7817
965 5251
341 9912
2207 8294
2458 8764
2216 8571
5589 9523
8236 8327
2805 3636
8236 8596
341 479
8079 8690
341 687
1781 3491
1673 2216
3795 7681
4780 5922
6400 8095
1781 2216
2648 5851
8569 8690
341 1781
1441 6757
8571 9523
1441 4545
6332 9109
6449 8764
341 1029
5245 9658
2216 4989
341 4603
6776 7378
3468 8182
4806 8095
3795 4942
185 6231
3605 7774
539 1696
2458 7337
972 9403
3504 6853
1640 8235
7132 9109
1375 3563
1842 8695
1640 4168
2458 8756
3970 8327
3605 3741
3605 4694
185 1406
6449 6707
3348 9755
6332 7287
103 7926
1640 7774
2458 8095
5589 9665
6239 6788
2805 6333
2458 7918
965 5178
3504 3970
6332 6553
2800 5998
6332 9366
6644 8876
2216 5053
765 4098
4478 7768
5233 5617
1640 4989
2286 8964
8236 9389
3966 8003
1781 3252
3348 7819
3348 5307
7580 8978
2458 3641
3459 6883
4806 7099
4030 9912
2216 8764
2805 3252
1920 6610
341 2426
6449 9175
150 6784
1781 9771
7008 7886
1781 5702
766 5570
1842 8409
4162 9465
185 8756
1920 4522
6487 7774
965 4019
5525 9912
3966 5259
1442 1493
3455 8596
2458 8115
341 7201
1739 7934
341 4019
1781 5420
3795 9389
4851 4967
6315 9476
928 1920
1920 4168
4030 7248
185 2464
341 3150
965 4026
1422 4693
2458 5379
1842 2518
5525 6333
1920 4133
6728 9010
3795 6936
1781 3741
2805 7008
1781 4161
8756 8876
8236 9097
185 6803
341 4697
4947 9723
5589 8886
965 2406
6487 8317
3504 8236
150 2397
3605 9792
1500 8243
8571 8959
1842 2001
965 6553
1781 5605
2458 4019
2601 3053
2216 3491
3795 8023
5494 6220
6449 6548
5525 5951
849 1091
1920 2759
1920 2745
2458 4593
411 2863
6644 8689
150 8571
1441 6803
5525 5702
6644 8177
1920 8456
3795 7287
341 7446
4908 7565
1739 5922
1781 3834
7580 9175
1842 7337
1441 8003
7008 8480
3966 4478
4806 7217
3966 8327
341 2238
8689 8975
2805 3741
3795 9272
2805 3960
1834 1887
4806 8135
1441 5922
827 5293
1920 8370
511 2436
1640 7261
965 6217
5354 7102
2805 9912
6644 8569
7823 9809
150 3966
1640 5998
5525 7919
3054 6881
1640 2446
2805 6437
6592 9569
2458 5153
1979 5307
4806 6575
3795 6553
5836 7681
6400 9311
7132 8215
3970 7774
1394 2222
1739 3649
771 1289
1640 7085
3910 6239
1640 6548
3237 3696
2216 7337
2458 5430
6400 8571
4030 9011
4030 8569
150 2255
4806 8582
2458 4486
2458 9366
2805 5999
3605 4603
2216 8950
70 1133
3970 7819
3348 8023
3795 9109
1585 2901
3966 7201
2381 5780
150 3436
3795 7217
2216 9792
3504 3605
1781 7337
7217 8695
1920 5104
2805 8975
4851 8456
1842 5782
4806 7808
7132 9175
6400 9755
5589 8596
2458 7728
360 2351
965 8959
2069 7768
8079 9926
7217 7681
2216 3435
1441 6440
2216 6482
4030 4478
3504 6332
6644 7132
7132 8569
6487 8023
6400 9175
3271 4422
7580 9011
8571 8978
1482 5445
2216 9665
1781 7808
1441 6784
6332 8095
8569 8689
1585 8235
1842 4851
185 576
3784 4599
150 9827
1781 2664
1739 1845
600 5601
341 4570
185 3795
8236 9809
2805 6440
3160 5213
6449 7420
5836 7201
341 4409
3795 6449
5525 8169
2458 6126
4806 6803
3348 8950
5525 7808
7008 8695
341 8975
2805 5379
5836 8327
1920 4549
1441 2245
8689 9523
2216 7728
6644 9707
1739 7817
4030 9368
1739 4878
1170 7312
7754 9232
7580 8456
185 9374
8689 9476
150 7722
5525 9725
3795 4878
6400 8078
1739 7132
965 2942
1781 8215
2216 5307
5525 9665
8078 9571
2216 6192
8780 9504
185 1503
1441 2464
1441 7099
1920 9389
965 5379
6644 6707
4444 7788
8236 9771
3795 3970
185 9175
1901 5443
6449 9272
6971 8581
5411 6115
185 3123
1258 6386
4851 5922
5525 5589
3795 8215
7217 7774
8480 8886
4980 6093
1781 8876
3970 5709
185 9097
4806 8236
2040 5670
1842 3605
3504 4545
3966 6126
1640 4532
1442 7125
1739 1749
8959 9725
3970 5951
1739 5351
1585 9707
1920 2738
7132 9011
1585 6548
185 1029
965 7817
2805 7085
2028 5183
4319 8666
2896 4130
1585 4322
3785 8193
4030 6332
1920 5430
4851 6167
1781 2901
3970 4116
7580 7641
8571 9725
4030 8177
2458 3173
1920 7177
1585 9389
1640 1924
1739 3436
150 7287
4851 7918
1842 7728
290 1732
7261 8480
2398 9354
185 4801
965 6707
3875 7150
2805 3591
4374 4586
2805 9809
2805 9792
2232 3395
3795 9755
7217 8756
1585 2658
8571 9912
1842 9311
3348 7662
5836 7906
6449 8886
3970 6936
6400 6853
7132 8886
2805 5153
3795 7774
1640 2069
1842 7248
6644 8582
3504 6406
1640 6757
965 7662
6644 8690
7217 9374
7217 8876
1441 4278
2805 3970
7008 8596
756 9172
1875 4925
1658 6610
8480 9389
5589 6315
185 4806
3504 5431
6406 7817
185 4522
1842 3150
1842 3504
3966 5836
7580 9354
965 1547
965 2901
1585 8317
3605 4778
1829 8509
9792 9880
3348 4583
7132 8115
1920 3029
6400 7934
451 5215
4806 8876
5836 9374
6487 6644
3795 7823
2458 8135
1920 4989
4441 6455
5589 9011
3348 4495
4030 6575
965 3960
6644 8571
2216 7580
112 3673
1920 9880
4806 8827
150 7099
4806 5836
3966 8510
8756 8831
3348 6644
1646 3053
1585 2310
8236 9523
341 9523
1842 7918
367 6445
1585 7774
185 4919
4030 8582
1640 4486
358 4133
5836 6757
1842 7446
6315 8038
1585 3605
1585 5104
8569 9175
6400 8480
1709 8153
8078 8327
7008 8978
4388 5638
3605 5420
1422 7301
1269 2216
4806 7287
2805 7808
3348 8978
1781 4189
5836 9796
1739 5307
3504 6126
2965 8803
4806 9311
1920 2683
1781 7662
1739 2771
3966 6784
3795 8690
471 8950
4851 9316
6644 9571
1695 4877
4851 7099
2216 9366
6400 7217
2216 7201
5836 7705
3348 5450
2458 9707
7008 7248
3970 4278
1228 9853
3966 7217
2216 9097
8634 9175
3504 6004
2458 5589
1441 8756
2805 5525
4030 7705
6644 9880
2563 6553
1781 6482
8480 8674
1920 4505
2805 5644
3966 6231
3970 8038
2216 2446
3741 6784
3966 8978
1441 7217
3743 4378
2458 4697
1640 8177
3970 7085
4851 7420
6332 7823
5836 6042
4036 7300
4764 9416
341 1779
1122 9925
7217 9755
1441 8886
4773 5606
8480 8596
7008 8674
965 5053
353 9784
1585 8480
1585 3368
1842 9354
5525 8744
150 7768
5589 8327
1441 5709
5525 6707
2062 9944
6315 9272
3504 7722
965 6487
959 6414
1441 5430
3970 4708
5393 9347
185 2001
965 8480
1781 6092
7580 7817
185 3157
1739 9912
1 1322
7287 8236
789 1914
8480 9366
778 9465
1781 7728
341 3992
150 8959
5650 5756
341 7662
2805 4133
2805 8456
6400 6440
1441 5947
3116 8231
8756 9198
4030 9792
965 1089
4348 5317
1920 9912
2216 4019
1585 5589
610 6782
965 2397
6936 8569
6315 9011
3613 4651
965 7808
6487 7177
8959 9476
3966 8689
341 4694
8078 9175
341 7177
2738 8327
4030 7774
190 8778
1842 7681
1585 8975
341 3098
3795 8409
341 2805
8569 8582
1640 5420
2805 4919
1781 3795
1739 7819
2266 5677
1920 5836
5994 6518
7580 9198
1441 4480
3970 4778
2458 8235
8078 9578
965 3491
1781 4549
2216 3150
3966 9665
185 7808
6811 7770
1920 7420
5836 6231
6332 7132
150 185
3966 9523
7008 7420
7580 8536
1920 7886
2216 4189
1739 6803
4794 7979
1842 3455
1640 4116
3970 5090
6400 6449
2216 4583
3795 6487
965 2458
1441 2426
8236 8978
2216 8456
3795 9827
3348 8744
150 9109
965 3348
150 1531
185 6004
1441 9792
4509 9666
1585 7446
2427 8725
5589 7934
1585 9272
3605 9880
6161 8219
3605 4579
599 3908
1920 9354
2458 7856
1640 3491
6487 9109
5525 8327
1585 5998
7580 9912
8569 9389
150 5445
3605 8959
1842 2979
3970 5445
1640 4697
1441 5379
3374 4889
8079 9272
2458 6548
8480 8510
1441 7823
1082 6623
1842 4778
1920 6217
62 9249
3504 7856
1441 5636
2078 5619
5836 8078
1272 5065
3966 5851
1482 1804
150 5709
1842 7287
8078 9316
3298 9785
3795 6126
8756 9011
8480 8690
185 8695
1842 3795
3605 4030
1920 4444
4030 8135
2216 8886
150 4780
4806 8690
3605 8674
1920 2446
3970 5589
3348 3664
3966 8569
8756 9665
6343 8698
8079 9912
3966 5420
2458 9109
2805 9198
6332 8536
1585 1977
6487 7327
1245 6959
4374 4501
3504 4022
4133 4851
15 8799
2216 9476
6644 8370
1441 8582
965 4495
185 9389
1585 7099
1920 3157
3348 9880
1441 7934
3966 7132
1585 2771
185 4677
185 6135
3970 6092
1441 9571
1441 3002
3504 5153
341 968
2216 6707
1441 8317
6332 9316
341 7641
6332 9755
1842 6757
1842 4697
2805 4806
3504 8023
1640 5104
1842 2341
185 2054
4325 6447
965 5430
4806 9796
7217 8003
6449 7681
2805 6400
5589 6192
8079 9771
6400 7085
3966 6757
5525 6192
2805 5431
4030 9796
8959 9354
2840 2943
2216 2426
7008 9827
5836 9029
185 7934
1441 1658
1585 8169
8634 9051
4851 9771
7877 9219
4030 4495
3332 6464
2458 8634
2374 4509
1441 3173
3597 3967
3966 8586
1128 1656
4030 6217
3658 4893
5836 8115
1902 1929
8689 8950
8078 8480
6644 8975
674 4523
185 3970
6414 7262
5836 9354
341 8886
4851 6217
3605 6482
6315 6784
2216 7420
1920 9198
3970 8215
1739 1804
3504 4579
7580 9389
6315 6332
150 3977
8959 9316
1739 3455
185 5307
2805 5053
1920 4161
965 8079
7580 9827
4030 9571
3970 6167
5644 9755
3970 6192
3504 8569
8480 9796
150 2024
1640 2518
2458 7722
4036 4107
6400 8876
8756 9523
6332 8975
2340 2574
341 6853
8569 9880
341 2024
965 3150
1585 7808
1441 4806
7580 8370
70 312
1781 7768
3970 8744
7217 7292
8634 9374
1842 7420
3795 4444
7292 8038
1781 3023
965 7819
3504 4967
1739 1899
2894 6222
1585 4579
1739 1800
341 6135
341 3252
1842 4806
600 1776
4806 5450
8078 8569
3348 4579
8569 9755
773 9617
766 3850
5840 9308
3966 8886
1739 9316
1920 6803
341 5589
185 4583
3966 7681
6487 8886
965 5636
4026 4168
3504 7934
965 1382
150 6004
3966 7918
1920 5053
377 5131
5090 6803
7132 9366
5836 8975
2458 3123
1842 7327
5024 7879
5836 8095
1739 4697
3504 6092
341 1924
3072 6496
185 8360
6332 8876
3348 7886
1781 9792
150 6231
185 1547
3970 8003
1842 7662
341 8695
4311 9927
2216 3348
1739 9029
6487 6936
2805 6644
4851 7248
185 9198
1585 6440
185 5702
1781 6610
1739 9880
185 5999
8689 8959
185 1539
1441 2069
1673 6644
7217 8169
1842 3023
4806 9912
1863 9605
6400 8674
965 9198
2216 8177
1441 4532
3966 8079
1441 8744
3966 4780
1920 8827
150 9578
1781 7705
1781 7177
6449 9354
4413 9503
965 5525
3504 8831
4030 5702
6644 9051
2502 2768
3504 3641
4806 9792
3605 5998
1289 5276
1842 5445
1739 8095
2216 3664
358 1804
2242 2508
1585 2518
1739 4409
341 4593
1640 2024
1840 6986
5525 9578
1640 3010
185 4168
4293 5503
341 9796
4030 5259
6244 6898
6487 6575
3348 4522
3348 8236
4030 9175
9311 9366
1739 7327
4806 9366
1441 5999
6487 8038
8480 9272
1539 5644
1683 3208
1739 7337
2216 4878
6449 9389
4007 8955
2458 9175
2805 3348
5836 6610
1189 1478
4851 6853
341 5709
8145 9038
758 5231
341 7808
3915 8104
2216 5644
150 4495
4851 5999
8596 9389
3795 4583
7858 9821
5836 5851
2216 2238
965 6936
1640 3098
7099 8115
1585 3010
7650 9124
6332 9476
1929 2723
2458 2534
341 3664
1585 8003
8569 9912
341 3586
4851 9175
1728 4761
7217 9827
341 4801
965 7681
1781 7722
341 7681
1640 9109
4030 8003
3795 6167
1842 6487
8078 8695
1920 6482
150 392
5525 8756
1920 3436
253 2205
6482 8831
6487 8235
185 3591
7008 8690
2458 5450
1441 9316
1739 8003
1029 5196
965 2944
8236 9029
1539 7886
149 2601
4806 8115
341 6315
1739 8317
1673 6449
2906 2927
341 1640
1842 2238
3970 4168
1441 7008
6332 8764
1739 9272
341 1269
1441 2664
150 6126
185 3098
5525 9880
3504 8456
3605 4168
2216 7705
1781 8536
1585 8115
1781 3463
6487 9755
1739 8078
413 9048
5589 8689
3966 5644
6332 8582
341 8409
6332 6406
3970 9725
2805 9354
6449 8690
341 6437
6332 7201
8756 9097
1640 8456
8634 8756
1781 9366
341 7287
185 235
4030 8876
1640 1781
3368 4030
1640 5589
3504 5644
150 3123
341 7774
1223 7382
1640 8571
1493 6142
5589 7248
1441 8586
1739 2796
8571 9029
3504 9272
3605 4851
2458 7217
4851 9272
3253 8769
3348 8756
341 4133
2805 3157
3504 3649
1920 2664
1640 4694
3966 4444
5525 8236
7008 7774
2458 8409
3303 4456
1781 8317
940 1572
3503 3872
8569 9198
6400 9523
4762 7312
1920 5748
185 7217
341 4030
5525 6315
341 3795
2319 2460
1640 4505
185 7817
6400 8975
4697 9374
5525 9389
1640 7934
4851 7177
6487 8596
3348 5922
1441 8215
1739 2238
965 3795
150 2738
6095 7001
7132 7823
341 900
6449 9029
6644 8959
1441 4967
965 1269
907 7141
7132 8078
3002 9571
5836 8690
1441 2216
198 6862
1920 5709
4851 5379
2805 4026
2942 8586
5084 6015
341 4806
3605 6553
5589 7662
965 8876
7132 9571
3966 7788
1781 8975
1920 7808
6831 9446
7008 8169
154 8651
951 7703
341 1547
1739 4801
4143 6812
2805 4409
2216 2738
965 1531
2805 4780
3504 4026
5589 8959
1781 2238
1744 6112
1585 4593
5525 7817
3348 4677
1585 8221
2216 2800
877 5636
3970 6482
1585 2588
185 7823
2238 9011
7132 8764
5418 6086
6575 7918
185 820
3970 8236
3795 4019
2458 4708
7132 8959
6487 7446
3504 4161
8078 8215
2908 5318
8079 8327
185 2648
3605 5782
185 5525
1441 6575
6332 7446
965 5782
1781 6135
8571 9827
1739 1977
4030 6803
2805 4019
6315 8978
1739 6406
3970 4478
965 6167
411 9298
1640 1762
78 8369
1739 4322
4806 7085
7217 8690
2458 2588
1739 4967
3468 6015
7658 9869
4030 7728
7132 9926
5092 9903
341 3741
3605 4545
1781 8370
1441 6449
1849 5866
7217 7819
1640 1673
3795 8480
4030 4532
3966 4545
3348 3649
7774 8236
150 6440
6332 9792
4321 6776
1739 2944
6449 7705
2174 9882
5525 6936
4806 4967
1640 3636
5589 8409
1781 4019
1585 4780
4851 8115
6332 6757
1174 6445
1781 4278
4435 6078
5525 8689
3966 9354
8079 8827
150 9368
8959 9707
965 2182
2805 7918
150 1899
185 8221
1739 7774
1842 5351
4030 8510
965 3586
150 7337
8571 9665
6332 8978
3970 5259
2805 7788
8078 9796
3795 5431
7008 8959
3348 5748
2805 9926
2458 7132
1781 5636
5195 8189
3504 3966
6315 9926
6487 9827
7729 9538
3966 7099
1739 4579
1640 2800
1781 4168
1441 2406
1920 6400
150 8744
3504 5782
8078 8317
1781 7919
185 4022
7217 7934
3237 7770
150 8674
3795 7886
6315 9354
341 9366
3966 9051
4801 6707
2805 9571
7217 9354
1781 8023
5951 8135
1842 8764
1252 7581
1920 8236
3795 4409
1838 8418
7217 7788
965 7008
1585 5351
8480 8569
1781 1920
341 6092
2216 3741
4806 9011
1640 6231
4030 8370
3795 9374
6644 7817
150 4480
1739 5153
341 8582
6315 9707
2216 7856
3605 7337
5525 6135
4806 9374
1640 8886
503 8344
965 1673
1640 3992
4806 7886
5133 6771
1781 7774
5836 8221
1920 6853
2570 4981
4851 6707
1781 3123
6400 8003
1441 8975
5589 6449
3605 6784
3605 3664
3970 7201
1585 9476
1441 7085
1441 4677
2458 4322
2216 8536
4709 5601
7132 8827
4851 7132
5525 8177
3795 7788
150 2411
6449 7823
6315 9571
4851 9029
341 6400
90 8969
2805 8569
3605 7085
3795 8370
2216 8023
6332 9809
341 2341
1920 8876
1189 4266
7958 8183
5525 9272
1640 5430
992 1839
1585 2341
1441 6437
1441 4486
4030 4806
2222 4082
1842 8596
4030 4851
965 1804
7217 8596
5589 9374
4851 8571
341 2216
1920 6437
1781 7641
2216 5947
965 7217
1050 1650
5307 7722
1078 3522
1920 6315
2805 5605
1868 5567
2603 3463
5525 8978
392 589
341 2720
1441 1977
1842 5947
8571 9109
1671 3413
2310 8038
6487 8169
1542 5223
3605 8003
2216 8674
6332 9796
3504 4505
1441 5450
6332 7728
1441 9175
2458 8536
7008 9198
2805 5851
1781 2759
5525 8634
1090 4415
5420 6315
1049 3910
3605 7287
185 7201
4806 5748
1920 7008
5035 6630
1842 6610
2216 2944
3504 8003
6770 9649
965 9097
1640 5450
341 1920
965 9011
4406 7690
185 854
3795 6042
1739 6487
1739 1748
1441 8360
3348 9912
341 3491
3504 6042
2805 9311
5525 9476
6644 9311
3654 3787
1441 4593
6487 8827
1920 3491
3348 8409
3795 5851
1441 4505
4806 5053
1739 3641
5589 6553
2216 4806
3348 6231
2100 8997
1920 3605
7217 8571
965 4967
8634 9272
3966 4486
341 1200
1121 3244
1781 4505
1441 2001
4030 8950
5525 7918
968 5104
2900 3820
4030 4545
171 4658
4030 6482
1739 4593
150 1845
237 4761
1739 9571
341 3966
341 4942
3605 4801
2458 7085
849 9271
3348 6548
5836 6707
341 7292
6315 8596
1640 8569
3970 9827
5589 8744
150 900
1640 2942
1689 9329
1585 4989
63 8978
6644 8135
6487 8115
2458 6757
8236 9578
5731 6180
1585 7856
4161 7808
1441 4322
1480 2219
7008 8586
5525 7248
4851 5748
7258 8585
6487 7808
1920 3023
1781 3348
3970 9029
341 5090
2458 3960
2805 7287
6449 8115
3605 5836
1920 5951
6449 8695
3504 9011
3795 7201
1585 7337
965 2489
1739 5259
1920 6784
1842 6092
185 2901
1585 3664
1739 2446
2805 4697
3605 9571
7008 8950
150 3834
4806 6315
341 8756
2216 8079
4851 6332
3348 8689
1920 2489
1441 2518
4851 9051
185 9272
6644 6936
473 2077
1585 4168
2581 5130
6332 7085
3348 4026
8236 9368
8689 9097
900 9771
150 8975
341 660
6644 7681
9809 9912
2805 9476
4806 7681
1781 9368
3970 9523
4030 7292
1781 2397
2216 8409
185 2979
6332 7420
4030 8236
3348 8674
1585 6449
1585 6332
1781 6784
3504 3795
1739 8876
8634 9097
5836 7420
3795 8959
5525 9755
6400 8079
2216 6437
1640 3586
2805 3023
185 8079
965 3029
2805 6482
2805 9755
8236 8674
4694 9725
965 8023
2906 7858
3795 4801
2805 7817
3620 4440
1842 4495
150 3150
6315 8690
1920 7728
1441 3664
6400 7919
8569 9354
1920 8003
1776 5896
341 7337
185 6482
3966 9809
150 5947
8236 9272
1585 7918
965 1196
1739 3977
6644 8744
7580 8876
7217 9578
2216 8695
1739 6332
4030 6004
7217 8236
8571 9366
5511 5771
7008 7201
6487 6853
1640 3436
6315 9097
3348 4694
2805 4708
4794 7771
2458 9029
150 3641
953 5827
1739 6437
3970 7728
6449 9051
3160 3178
1441 9796
1920 4545
1781 8582
6332 9368
341 5178
8613 9800
1920 7201
1842 5702
4030 7201
8689 9198
926 3967
4806 6192
1739 7420
2805 6487
185 7287
3966 3977
4851 7774
8078 9029
1739 1874
3966 7817
2458 7886
8079 9725
3348 4545
2426 4322
2216 9175
1920 8744
5836 8569
1739 2024
1441 1804
1739 4522
8959 9796
1842 7261
8480 9051
4851 5636
1842 2563
965 4697
7217 8827
4030 6333
1585 2534
1585 2745
2805 4967
258 1133
4030 9316
1739 6192
1640 9011
7008 8003
1842 8177
3970 4545
3795 5307
150 7823
8571 9771
4137 9725
341 4022
8756 9272
2216 3586
3795 8571
7580 7823
341 5947
8079 9097
1585 6784
7058 9916
5589 8674
150 2979
2464 7248
3647 7192
85 8246
7008 9476
185 1924
1640 3960
341 2458
6315 8215
1585 4409
3504 8886
150 341
2054 8634
1441 8695
1089 7918
3795 4697
3504 7446
3966 4409
2805 5748
6487 8370
185 2944
2216 7768
312 3157
3658 7213
3348 9771
7879 8546
2805 9665
1441 3368
3966 8690
3504 7823
8078 9011
150 4322
185 1213
3348 5196
4030 8764
4030 5104
965 1874
2216 8690
6449 7817
3348 4030
3970 4161
5589 7177
1781 9827
1640 6126
185 258
3966 8582
3970 4133
3727 4746
6315 9912
1640 6400
2805 8744
8236 9175
5589 7132
965 2054
187 7801
341 2738
965 8177
6876 8474
7008 9912
6103 8694
965 6406
2874 3324
8756 9809
3623 9444
7132 9198
6644 7446
1585 5178
8236 9571
6449 8744
5947 8571
6332 6449
3605 5307
2458 7420
965 4570
6644 9272
150 8886
1640 4495
1781 2426
6315 8582
6644 7788
7580 7819
3966 6644
6400 9476
1781 9809
341 8689
1920 8689
3795 5420
1640 6936
5589 7823
1394 3552
185 9926
5525 9316
150 4409
185 2310
1585 3435
2805 4851
1842 8582
1739 7906
185 1640
1781 9389
8634 9792
3795 4278
4806 6707
1640 4022
1585 2563
3970 7292
4806 7705
2458 8950
1640 3455
1640 8764
1441 2648
2999 4460
1441 8221
3188 4208
1781 9029
341 4878
6449 7201
1781 8360
3348 9725
1842 2745
1781 9097
341 3649
3795 5196
6449 7919
965 3173
5525 6757
3504 5379
1842 6437
5525 8536
3504 9029
7580 8079
1441 3741
8165 8473
1739 8135
8078 8744
4030 6231
185 1608
3795 6332
1441 4495
965 2683
1739 2942
8078 9051
6770 7650
185 5709
1739 3591
2174 7671
7008 8536
2805 4480
2894 3116
2216 5589
1781 4486
1842 5307
5525 7774
1640 4806
3605 5748
1739 9374
3504 7808
5405 6383
6315 7918
1920 2901
8078 8634
4806 6482
150 8950
1739 4545
4806 9272
4030 9198
5525 7287
3795 7177
3795 7261
1739 5999
150 648
610 8832
3966 4480
8959 9880
1441 3992
3348 3641
6487 9771
5589 8456
4101 4350
4858 8651
2805 8510
3504 8689
6644 8756
1920 1979
150 312
3504 6333
3795 6333
1920 4116
6315 8095
2079 9127
3504 7919
3504 8975
7184 8031
9272 9316
341 1899
3280 3936
1441 2024
3504 6757
1920 8831
5525 7261
3605 5351
1640 2216
1842 5251
7132 9316
1781 9311
1585 2603
2805 7906
2216 7808
1920 5851
7223 9884
1327 3162
2216 2745
171 7674
1781 4026
4851 5430
5836 7728
1920 8886
185 833
7217 9198
1640 8596
3966 6553
4030 8978
150 9771
1739 1762
6644 8456
2195 7258
2216 5999
8689 9311
1920 7823
185 8950
2470 3479
1441 2979
3504 4989
2216 8360
7580 7722
1739 5748
3348 3455
185 2245
150 7327
2458 9796
8078 9354
185 2182
5525 7681
3348 4480
1640 6332
1441 2398
4806 5644
1739 9011
5836 8215
6487 9476
1920 7919
5836 7099
6449 9523
810 2599
3605 6092
5525 7768
2805 7261
4030 6757
6644 8827
2245 3591
3970 9011
6487 9272
4030 8959
8689 8827
8689 9725
3605 6449
6315 8370
185 8169
7580 8317
2216 5998
1739 9311
1441 9374
185 5090
1441 8571
2458 6217
1739 6167
4030 8456
185 8764
5525 8409
150 8569
965 2563
8079 8831
6400 7808
150 8876
1842 8571
8756 9051
341 8078
341 2464
3970 9476
7008 9755
150 7817
3605 7823
2458 2648
1920 8695
7580 8764
150 5251
2216 4919
1640 4545
2458 3504
1585 9523
8756 8975
8236 8510
6487 8975
1585 5999
3970 9354
6315 8456
4851 9311
8480 9771
2805 7662
6449 7722
459 1230
3348 9374
1920 7261
185 3173
1640 2683
341 648
3348 5379
1781 3436
8689 8876
3348 4989
1781 4851
5836 8756
965 4189
8756 9366
3605 6610
965 2446
150 7261
8079 9665
3970 7823
5525 8480
1585 8586
4030 4593
3348 9827
6400 8221
150 3504
1640 4522
5525 8360
1781 8950
341 8038
8078 8596
6449 8235
6697 7600
1640 8634
7132 8744
3605 9175
3348 7292
4851 7008
150 9880
185 8571
602 5361
8480 9912
2805 5947
8078 8690
7217 8582
87 3098
8480 8744
6315 8827
4117 7525
6400 9725
3504 8571
1585 7177
4030 8221
150 2426
8079 9523
341 8690
1920 4694
149 3291
7132 7420
965 6333
965 8756
6400 8235
6332 7292
7132 8975
4806 9571
3348 4878
1781 4942
150 8586
150 1977
4806 8571
8959 9311
1640 1845
2805 5196
3504 9578
6332 9272
1585 6042
965 1178
3970 7705
341 3002
6315 9796
1441 4942
2805 4603
1585 4708
5589 8221
150 3173
2216 9029
1920 9476
6487 7906
2216 3029
8571 9311
341 5259
3504 4133
3970 4583
1920 9578
8480 9198
3504 7728
1739 8582
5525 7292
1781 4495
1585 1608
7132 8689
5525 7823
1920 7217
1640 2397
150 9311
4030 7906
1842 4593
7217 7906
3795 6400
5589 6092
1888 2623
3348 8480
4117 8778
7327 8827
150 5702
5836 6400
8571 9389
3966 8095
4030 7099
1441 5053
3970 6004
951 6177
341 8569
3605 4161
150 790
1739 2979
4806 8510
8571 8674
3795 4919
2805 3504
8634 9311
1441 6487
2458 4806
965 2426
1739 5836
4851 7906
2458 4030
5589 7774
2036 3009
7580 7662
150 854
3621 5776
150 5999
1585 8215
2121 5230
1585 6231
5836 6548
3966 4708
5836 8959
6640 8997
1585 4603
6400 8177
3605 9476
3795 5259
150 1874
6315 8078
1090 1650
3795 4030
2216 9389
965 2534
4806 5259
341 2648
7008 7819
3970 6575
7132 9707
6449 8327
185 7886
3970 5999
3795 6437
2458 2563
8480 8950
5589 8135
4806 7292
341 2683
2458 4409
185 8634
1441 8079
1441 7337
8569 9827
1640 5999
2458 2738
1781 6757
2458 4579
2387 7561
1585 2720
4851 8236
341 4919
6449 7886
3605 5851
3504 4801
965 4532
6449 6487
1640 5525
185 5951
6315 7817
3966 4026
150 2054
7001 7102
4851 5998
2032 9701
7008 7446
150 2720
2458 8582
6400 8689
7008 9389
1441 6333
5589 9809
1640 8827
1739 6400
1673 4030
4030 8756
8569 8674
1920 2238
8236 8586
6449 7085
203 5531
258 3586
6449 6553
3348 7934
5836 9523
5286 8417
2202 8176
4030 5196
4030 4189
6315 6853
2458 3098
341 1499
1842 8756
5353 5658
3795 5951
6315 8571
6332 7918
3605 8695
965 3741
8756 9029
9784 9927
1585 5782
4352 6110
2805 7705
1842 1924
3348 7132
1739 8827
965 8038
4967 5430
3348 8695
1585 7681
7132 8023
2062 3312
150 2658
1441 7662
4851 6803
2216 8689
1920 3348
1842 8317
1640 7819
558 2106
1781 5999
341 2382
1842 2398
2510 4635
1739 5644
5589 9912
1781 2458
5836 7774
6332 8480
7008 7722
1842 4801
6315 8876
3966 8674
5589 6575
185 2664
185 4444
2216 6332
150 9097
1585 8536
3605 4278
341 8003
7580 9771
3504 3591
4851 6644
2458 7662
1781 2771
150 6400
1920 4583
829 7735
965 5851
150 1800
3348 8586
341 854
965 2069
2180 4762
2216 5153
185 2216
1640 9792
3966 7856
4030 4694
341 7420
4030 9354
185 1899
5589 8003
8510 8536
5836 9051
341 6440
185 811
8634 8959
5589 7918
3966 6333
3025 4160
8569 9311
5016 5070
5589 9109
185 8038
4806 9725
3795 7705
3795 4116
843 4745
5836 6217
1842 3664
6332 7008
3795 8169
7132 9097
3605 9771
1585 8596
1640 8169
185 8876
2001 3641
6487 8831
3504 9571
2805 3173
2805 5430
6487 8456
7008 9796
3605 3966
1842 4486
8634 9389
5589 8169
4030 4137
1781 8409
3795 9476
7008 9725
6332 7248
6315 8177
5494 9119
7132 7705
150 1842
150 3795
1739 5589
3491 6042
6449 8409
1640 2464
2458 4495
965 7906
3348 5178
3966 8235
2216 7918
7217 9272
4851 5951
991 7559
3966 4570
2458 3029
3970 8689
1739 6482
1441 3834
856 9888
1920 8674
965 4583
185 7768
1739 9523
3348 9354
1585 7085
1441 7722
3966 7261
2805 4677
3795 8756
7580 8115
5024 9038
2658 8078
3966 4603
5836 6553
3970 5251
602 8725
1640 4026
3605 7641
1739 6449
5525 9523
5251 7705
2216 3252
150 5259
3348 8135
3970 8586
3348 5947
3605 4409
8236 8689
3795 7132
1842 5998
341 4444
5129 6811
5589 8235
1842 2738
3149 9388
3173 3641
3630 9323
503 7700
1441 3795
965 2518
4030 4919
341 2069
1441 7768
341 8317
1781 5589
3605 6231
185 1979
1920 4708
341 6004
4030 5644
5836 8135
4030 6644
3605 5153
7132 9792
965 5351
2035 5896
7218 7475
2805 7420
4030 6936
8480 9880
185 7774
993 1967
1585 8571
8689 9571
1585 9755
150 8689
1441 4570
8959 9175
1441 9097
1585 2759
1173 7144
6332 9827
6315 8536
1739 8236
1842 6936
4851 5782
1920 2406
150 3157
5589 7681
8569 9476
6487 8744
5525 8886
6400 7201
341 3834
3605 4495
4851 7728
834 9667
150 9571
150 9011
7580 8169
7008 8360
3795 7327
185 2382
7217 9796
1585 9571
1920 8215
6644 9029
3605 6707
8571 9097
150 1640
3970 7662
1842 9926
1920 2942
1585 3591
3346 3408
1739 7641
6449 9366
4851 8831
3795 5251
3605 9311
6332 8409
4030 6548
4851 7788
3795 7856
341 7919
6487 7768
965 8095
2805 9880
150 7641
4030 7177
1121 7128
185 7261
3348 4532
1842 4480
6449 9571
1267 4394
2652 3835
3966 8764
1842 4989
3066 8351
4851 6092
2598 4372
3504 4495
4806 8674
1441 9029
3970 6853
6332 8370
3605 8177
7008 7823
1739 2398
3970 6553
3504 9880
3795 9912
4030 7856
1195 3289
5525 7580
3248 9526
7217 9316
1441 5351
5525 8695
1920 4278
4030 5525
1781 2648
4851 7446
6831 9598
341 5702
7580 8215
3348 5525
3970 9389
3970 8764
3605 3970
3795 4677
2165 9406
62 3851
2255 8756
1739 5851
4203 6480
4851 8215
1920 4579
1585 2255
965 3636
3795 4486
8634 8831
965 1842
965 2398
6315 7823
2921 4053
2216 8978
5748 8235
2458 7906
1845 4409
185 6575
5525 6126
5589 6217
3970 9578
5836 6167
6487 8236
440 8261
3108 6025
341 1531
185 3491
8078 9272
2805 6553
1640 1804
6449 7808
7217 7856
7132 9374
1441 8959
185 392
1640 7420
1781 9755
1739 5998
1640 8959
1920 4697
2458 9926
6029 8849
7217 7287
5836 8409
6332 8569
3348 4022
3966 8135
4522 6707
1920 5525
2216 5259
3645 4877
1640 3023
2805 5307
1585 6126
1441 6400
1441 7705
4851 6757
150 6853
341 6126
89 6640
1640 8409
7132 7287
5525 8079
6315 7662
185 9880
1842 4322
6315 7327
2216 3992
1739 3010
965 3157
9809 9827
2805 3664
530 548
1739 5178
6315 7337
5836 8886
8079 9311
185 4278
6991 9271
2805 8135
1441 6315
3970 5053
6103 7855
1781 1924
185 7918
3970 7420
3504 7327
341 2534
965 2720
2458 9792
7104 8724
1441 1499
965 9578
2720 4570
6315 7934
2458 2796
5241 6895
2805 8023
7420 9389
844 1901
3605 9707
1739 6757
2458 3605
5836 6803
8959 9389
1585 9796
1640 6092
332 1707
3504 4480
341 1382
3118 4879
1739 4570
6400 7420
2024 8690
1906 6031
8486 9678
3348 6707
4030 7918
965 8690
2216 7292
7580 9368
1842 4133
8078 8756
4440 4535
5589 8215
6400 7580
1585 2489
2458 9809
2458 8674
3966 4532
2720 4593
2216 3649
3966 5589
185 9476
1739 6553
2805 8689
3966 5450
8569 8827
2216 4967
8959 9771
3348 8764
150 928
341 1406
6449 9665
965 2648
341 3970
2458 6167
6644 7808
2458 3649
4806 6042
773 3864
6487 7856
8078 8236
3795 5947
2458 5431
2805 5951
4806 8886
7217 7886
588 7886
2216 8115
3348 7327
1585 4919
965 3123
1441 3023
2216 6575
3348 8095
5616 6774
1640 5947
1441 2901
1640 5782
1920 5947
341 1196
3567 8799
3795 4694
4030 4967
1781 5178
1781 5053
5589 7788
8078 8582
6644 9912
2805 2944
3966 5090
150 4583
1585 1920
2385 4651
5589 8115
8236 8886
1781 3455
3970 9926
6332 8003
8571 8689
6400 9368
1585 8370
965 8689
1585 9926
7132 7177
8571 8827
150 1748
8236 8582
2805 8409
5589 6487
2458 5251
965 3455
965 7856
6449 8756
1640 3504
7217 7823
3970 6487
341 6042
2805 4989
3348 8327
1441 2738
7217 8536
9011 9368
1585 4570
150 5090
1842 2588
185 1874
2458 9198
3504 8695
5450 7099
150 9809
2805 9272
8480 8827
1739 8370
6332 8317
965 3605
185 4878
5468 6455
9403 9884
150 4697
6400 8327
3966 5178
6332 7580
33 5939
5836 9316
1842 9523
4851 9792
6332 7856
4392 6583
1920 2458
3970 5851
4662 7475
4806 5782
5836 7446
3970 4694
8480 8764
341 2398
4851 8764
2216 5782
1441 6482
6487 8095
6037 7615
1568 3435
676 6697
3970 5644
1585 2069
3605 8510
7008 7788
341 5251
965 8695
341 8959
3605 5702
2805 4505
5661 5697
150 7420
6332 9523
8569 8571
6054 7735
3163 9810
3966 9707
185 3002
1983 5411
3348 6553
4806 8978
2216 8744
1842 5379
150 2534
1640 2310
8078 9771
6449 7292
829 7401
7217 7580
1739 8536
7217 7768
8236 8370
2805 7934
3348 4697
8634 8886
3795 9796
5525 8370
341 2944
4851 7886
4806 8975
1842 9809
185 2658
1441 2771
3348 6784
530 778
6332 8456
185 4161
6400 8959
7132 8950
6400 8456
3966 9571
6449 8177
1210 8581
8571 8975
965 1406
7008 8370
7132 8756
1842 9665
9809 9880
4806 8831
4030 8169
8079 8235
3605 5999
1739 2310
2458 8886
2458 3591
764 1808
150 8023
3966 9476
1441 6707
1128 6039
2216 9926
2805 8876
150 2771
2215 7472
6487 7788
965 6437
341 4778
2216 4522
3348 6167
185 9725
341 4322
4030 5922
965 1200
4851 7580
1640 2648
3244 6788
150 8038
6644 9175
185 5379
7580 8177
2637 8094
1842 3463
6487 8674
150 9272
1640 8360
2721 6029
5589 6042
3504 4486
1585 4495
185 733
9792 9827
965 4579
341 8586
8236 8695
9175 9796
3817 4406
1920 7768
1441 5420
1781 5351
1303 9124
1739 2245
8756 9316
185 3436
623 8744
1585 6004
8078 8409
1739 3504
5650 7581
6449 7248
454 5742
1441 3455
2216 9571
1585 5951
8756 8950
250 7390
3795 5748
3029 4545
341 471
1441 1845
5836 8169
1640 2759
4591 9048
1842 1845
1781 5922
1920 3977
3348 6482
1585 6757
6449 9707
150 5636
3795 9011
1910 8828
1585 4026
1739 2658
8634 8764
2216 5702
2805 3123
5836 5951
341 4851
8078 8169
3966 7580
150 7808
2458 2901
6644 8510
8236 8456
4851 5431
150 6487
1640 5922
5589 6610
2805 8634
6400 8586
7132 9771
8569 9051
3504 8327
1842 2658
7132 8978
235 2360
2216 5748
1842 7808
2023 6766
341 4780
2216 9011
5938 8331
6400 6487
3348 8221
5431 6449
2216 5430
4851 8876
1585 1779
150 6548
4851 5851
2458 6042
6315 8586
3970 6315
6644 8886
965 8536
1951 3128
398 1130
4030 9311
341 5053
2458 6135
2216 2658
1585 4444
4168 7201
1441 2360
1585 8827
2458 5709
150 9523
1781 3029
1781 8003
6644 8236
1640 8975
1640 6575
8959 9109
6400 7768
1842 6333
2805 6406
3977 6853
1640 5836
185 3029
2458 3455
1640 2212
1840 6735
5836 6440
907 3241
3970 8571
2216 7774
7008 7641
150 2563
2216 8215
8480 9827
2458 5605
8480 8536
4806 8756
5589 8756
1920 3641
1781 9707
1781 6644
4228 9413
150 7248
3253 7082
1781 9272
2216 5379
3480 4800
1781 8456
3605 3636
1739 5782
3795 7919
1585 9827
2337 7305
341 5782
1585 1748
6400 8038
3149 4626
2805 3010
7217 9389
8236 8480
2458 9771
2458 3368
1842 1977
4030 7722
2216 7248
965 2738
7101 7301
1739 5605
2458 2518
7580 9109
1640 3741
3348 5589
185 9051
185 7292
6449 8978
1781 5450
1441 2458
4203 6745
150 6437
2216 2901
3795 4022
965 8360
2458 3150
185 4989
150 8536
5485 6870
8571 9755
2805 4444
150 733
3970 6332
1585 9097
2144 6703
4030 9476
6995 9861
1739 9707
8079 8135
1585 2664
1739 8959
2216 3463
6449 9109
185 1196
3348 8510
1739 5709
4851 8695
1441 3435
8689 9707
341 7580
1640 2944
5525 7217
3504 5445
2277 5485
3348 6400
3605 7008
2805 9771
1920 5431
3966 4116
1640 2738
1640 8236
3348 5053
1781 6192
7 3588
1585 6610
3966 8827
3795 5104
1842 2771
8634 9665
5525 9707
1585 3173
1842 2411
3348 5951
2164 7576
185 7722
3504 5605
1781 5259
3970 4806
3966 6707
5589 8978
1441 9665
2805 3368
4851 6192
3795 8978
185 4026
3966 9316
4659 8598
1585 3463
1781 8038
185 8582
1920 1924
3629 9988
1920 9097
1781 6437
2805 7446
3135 4488
6265 9810
4030 9109
7008 7217
6332 6853
3966 9374
1585 3491
6332 9707
6315 7446
2995 5354
6332 7327
5525 6167
1200 6192
7580 8135
4030 4409
2331 4535
5589 9272
341 3960
185 4593
1640 1748
3298 6425
5474 8279
4559 5743
1441 3970
1441 2411
5379 7906
1739 8510
965 1029
2805 2901
341 2796
5589 9827
459 3556
3970 8169
660 3348
6644 9827
6315 9880
4769 8344
6315 9771
2872 7537
341 5307
6644 8634
1585 4942
8078 8876
1781 1800
341 7817
3966 4278
4030 8038
6332 8135
3970 8510
965 9809
87 9311
8569 9926
1585 6135
5836 8236
3080 6293
8017 9031
7217 8831
6332 8634
1441 5196
542 6718
341 6449
1441 4026
185 6449
3504 9175
341 7918
1739 2069
965 9725
1920 4486
185 1977
2805 5450
3348 8235
6487 8571
1585 5379
6644 8003
7008 9809
7008 9374
2032 4293
1640 2979
206 1361
7008 7287
150 5196
3785 4733
1441 6332
3966 8370
2805 8831
1640 7919
3077 8486
1781 3010
7217 9771
4851 8569
4851 7817
1739 5196
2216 7919
341 3023
8571 9272
360 2863
1842 7906
1441 7177
1441 2658
2458 4480
1640 8317
2216 8586
150 3591
6332 8038
150 7856
1049 1902
1781 4322
7008 7337
1441 6231
5107 7371
1739 7768
965 6803
129 3479
1739 6440
1781 2944
1739 2426
1781 2406
579 4023
2805 4579
1739 8695
8569 9374
892 1914
5589 9368
1441 6126
3504 9198
6449 9926
6332 9374
1781 2310
1082 4009
2458 4189
150 4778
1781 7817
3966 4942
965 5307
4773 5604
5849 7313
5104 5525
2458 5445
1585 6487
2216 6217
1640 7099
8236 8690
965 8135
965 3504
3504 4806
2805 8215
341 8831
1673 2805
3504 7337
1781 4603
2805 5636
3966 9029
6644 8023
3504 7906
8959 9051
3348 5420
3002 3491
150 4593
150 6092
185 9912
1585 4486
790 8235
6332 7662
1739 9792
1781 6315
253 2324
3504 5196
8078 8764
1863 3755
8756 9374
1781 2563
1920 4022
1739 2738
6400 7327
185 479
185 6437
1585 4161
2458 4801
1441 8596
3966 5430
1781 2489
6487 8079
6400 8569
2521 3066
3918 4460
6487 8689
1781 5445
6644 9316
2866 5777
1640 9389
150 3664
1441 8689
1585 3636
2949 5567
3966 6004
7217 9880
6644 7886
341 5748
185 1748
341 9476
965 1748
2546 8448
8079 8876
64 9409
1781 9725
3970 4878
2458 8023
2216 3123
3605 4677
8756 9476
1640 5445
150 7292
3605 6004
3966 4522
900 8079
3970 6548
433 1281
1842 6126
2216 8095
6332 7641
965 3436
6400 9792
1781 4677
2143 2976
1781 6167
965 5748
7008 9368
3966 8215
556 5811
1585 1781
1739 1779
5836 9097
1920 2464
1640 9476
2458 9374
4806 7919
1441 1539
4030 4133
150 1585
1781 2001
150 3252
150 5430
1585 3029
1640 9272
2458 5420
7580 8690
7132 7768
8959 9097
6332 7919
3150 4677
1920 7099
8634 9926
1585 2648
5869 8544
2805 7641
150 1200
7008 9880
3970 4409
8571 9578
150 1089
2759 6575
1842 6853
4851 8023
1585 2238
150 9476
4806 8456
2805 4495
3395 8843
922 4560
3605 8950
3795 4322
1920 6644
1441 4168
1842 3741
8571 9880
965 4989
1640 5636
3348 3435
4806 8177
15 4542
6449 7768
558 2757
4030 5178
8959 9374
1673 8959
1739 2648
4030 4549
2324 8980
1779 1874
1739 4116
8571 9792
6315 8236
3348 3834
1585 4189
4447 6766
4806 8695
8756 9796
1739 5702
4942 6853
1842 3992
150 8510
1441 3977
965 9368
1920 9316
4806 8221
8764 8886
1842 3348
3348 3970
4030 4942
8569 9011
150 6192
5525 8764
801 1116
1920 2069
3504 9374
3348 4549
3966 8360
150 9175
2805 3641
3605 3977
1781 4801
6449 7261
1781 5836
28 9058
1842 6167
6449 8689
384 4839
1739 3435
5589 9354
965 3649
5978 9295
8079 8177
1585 9792
1739 8756
1920 7774
2216 3795
4030 7662
8598 8879
1739 9665
4733 8769
1542 3349
2805 5445
1842 5153
2458 5053
8569 9366
6400 9707
1441 4697
1781 3591
3970 3977
8634 8978
150 5922
3970 8115
4030 5605
1441 1762
5178 6126
5742 8289
8078 8177
1842 2310
3966 5351
185 1568
7008 9792
341 7327
341 9725
185 8135
5836 9389
185 4322
2458 6406
1781 7856
6332 9311
3348 4603
6332 9389
150 2458
965 8744
1920 4593
1781 9796
1739 2255
2216 2805
3795 4522
2216 2518
6487 7132
3504 9755
6315 8831
7132 8236
4456 6762
5110 5743
150 6406
965 1640
5836 8510
6400 6575
3966 4919
341 1213
6644 9771
2216 4133
1640 2805
3605 9368
8571 9354
1781 3649
4480 7261
1640 4780
341 9707
3795 5090
3563 6782
1707 6993
2805 4878
3795 6610
1585 9366
341 2489
185 1089
1920 9523
23 4355
1585 3741
2216 2979
5755 8337
7008 9097
1585 3992
1640 2398
4030 8975
1441 6192
8236 9880
6449 7580
6400 7662
3348 4851
7132 8221
3348 6092
3795 8695
4030 7819
6315 8756
2805 5922
341 358
6644 6853
3970 5922
2598 9714
6487 7728
4030 4677
2458 4133
3162 6962
4559 9701
7008 8827
7132 8480
8689 9354
8689 9368
3795 5053
1920 2310
2921 5195
4574 4855
341 1658
2976 3645
341 733
3970 8078
965 5644
150 4161
341 4486
4372 4693
3795 9523
4851 8370
965 6231
3795 6803
1920 2411
150 588
5525 8456
341 8480
1781 7217
1503 6449
1044 4802
1441 1874
3348 6192
3605 4942
1696 3413
3504 8215
150 4522
6315 7580
2458 8978
1585 2796
3605 6217
2805 4801
965 8975
965 1068
1920 3252
150 8078
8480 9354
3605 9011
1441 7817
6332 7099
6332 7337
492 6771
2458 8689
965 3098
965 5090
6449 8975
3504 6217
9239 9888
1920 9796
2216 5450
2367 8604
1441 1920
185 9011
1585 4694
185 6126
8079 8360
185 9578
2216 2406
1920 8582
3348 4116
5836 5998
4030 5450
3966 5251
185 4708
1441 4478
1842 2446
965 5104
1781 2360
341 1842
8078 9755
6332 9354
1640 6004
1640 7856
150 3992
3348 8115
2088 6630
965 2360
5589 6333
1223 7713
3795 6192
1781 5951
150 877
1585 2426
7111 9010
3970 6333
965 9792
1920 5998
1640 5851
7217 7248
1585 3252
3605 7886
341 5644
3970 6042
1781 7099
1608 2518
1585 1640
5836 6004
6400 6553
2458 5951
2805 9374
2805 3098
4030 8827
3248 3380
150 5379
6315 8135
341 9374
3605 8764
8176 9218
3605 4919
6644 7641
1640 5431
3348 7681
6400 8215
4778 5090
2805 4278
2458 6004
5525 7934
6400 8950
3605 7819
1920 4919
2458 4545
5589 6548
5589 6482
1585 9311
1585 9051
6644 7261
7580 9665
1662 2023
1441 6042
6400 9578
7580 7856
8079 8886
2458 8221
8689 9792
5525 6784
1608 7580
1585 1804
1311 2943
3970 8950
150 2745
185 588
5589 7906
9249 9785
4851 7327
2458 7099
2805 4030
1547 7201
1585 8510
1739 3150
1829 6265
341 8177
1762 3649
1781 2255
3795 5782
1842 9374
6315 6644
1781 4409
1920 8586
1739 6315
6332 9771
1640 4133
4806 9755
1739 7099
1920 6004
1739 2901
2683 9316
6487 9029
5525 5999
8571 9368
2272 5182
1506 5137
8094 9308
4030 8690
150 8235
5836 8023
5589 9198
1842 8235
1585 1800
1920 3664
1441 9109
7132 7722
4030 8674
3915 5026
176 7304
3743 9232
4851 7934
8079 8115
1640 4570
7592 9119
2458 8571
1640 9368
1441 5782
6487 7099
2805 4593
3795 4579
4030 4878
185 8744
6812 7576
2805 6449
3348 4161
4030 5636
2805 3977
5836 9771
3966 8536
1842 3002
1640 3348
1920 9029
125 511
3504 4778
5708 8189
4851 5836
6773 7565
3348 6853
3348 7446
2216 9198
7217 7327
1781 8689
1920 9755
2458 4026
3795 7906
8959 9926
5836 6936
1585 3123
1585 8886
6487 9809
1441 7919
5589 9926
8079 9011
436 9574
3970 7919
1842 3636
4030 5998
3970 5947
3966 6440
6595 7801
2805 3002
150 1539
8236 8975
965 6440
1781 3173
2738 4878
7132 8510
3966 9097
6449 7934
150 3029
3348 5431
1842 9097
1920 2398
185 3992
3970 8569
3348 4409
2216 7823
2169 8694
5836 7248
3504 7819
1585 9316
3348 8959
4030 9880
1920 5644
965 6400
341 3173
1640 8221
1441 1608
341 2411
6487 6707
1920 4942
965 8078
7191 9457
2143 6180
1441 8510
1441 5153
965 7085
6487 9051
3365 4511
4030 8115
1739 8831
341 4677
490 4417
1739 4919
2570 6531
6959 7212
1781 7788
965 4161
6332 8744
3970 4322
8756 9912
4030 9366
341 6575
8079 8674
3348 7919
965 4919
1920 7934
3970 4444
6487 8078
1781 5196
4030 5430
7668 9328
2805 8370
150 2212
3795 6482
1781 6126
1585 7287
8104 9821
3504 6553
965 3834
3605 4583
8480 8634
1444 8666
4030 6126
8480 9029
4806 9523
185 2603
3368 4409
7132 7446
6142 8417
1044 4659
3795 8177
341 1133
3348 8177
7008 9926
1739 4778
3504 3664
965 4603
2458 8370
6400 9389
5525 9354
633 6422
965 7177
2458 8827
1585 1874
150 4444
3504 4593
8756 9755
3966 5307
3970 3992
1920 7788
5525 9366
1441 3029
6315 7248
3966 8221
1640 4801
185 3649
2216 8221
1585 8690
811 8510
5589 9880
1640 9809
1781 5644
185 6707
150 8115
965 7446
7101 7427
991 4107
4806 6217
2458 7248
1842 8634
1695 8152
3348 9368
1441 4919
6870 8246
150 1673
2805 8221
3316 8289
341 576
2805 8959
3795 8079
1441 6092
1585 3977
614 3587
7008 8886
2216 9523
3966 8975
185 4495
150 7177
5589 8510
3454 5130
3348 9578
4851 7681
2805 8978
438 5658
2805 4778
6222 9723
1441 6936
2805 4486
1441 5851
2216 6400
3970 5431
7580 7774
4007 7561
2805 7681
3348 9316
1920 5702
1001 1490
3348 5104
1781 7934
1739 3636
7008 8764
1441 4137
8480 9476
341 1503
8756 9792
3348 4278
5589 8831
3348 3795
6449 9374
1739 4026
2458 4549
4851 9880
6644 9097
4278 7641
1739 2563
4806 5420
1842 4967
1842 8886
4806 5153
1585 1842
6400 7817
8689 8764
5836 8571
6315 9725
1515 3178
3189 8976
6332 9011
185 6644
1441 3966
4806 7580
1640 5605
1739 8569
965 8596
1673 7217
2458 4168
1781 8690
3966 4189
3504 9926
1781 3960
1196 3123
4606 8220
3970 6784
2944 7085
3504 5178
3864 7896
1739 3368
150 5605
1441 1531
3348 5090
1230 9640
2458 6936
3348 9707
2723 6702
1983 3892
2286 3270
1585 5947
1842 5951
6044 8660
6487 9097
1441 6167
8480 8978
6315 7768
3795 7248
3348 3636
1739 8409
1739 5947
199 1887
1585 4137
1977 9366
2458 4505
341 8135
7217 9029
4030 4579
3795 5351
8079 9389
1842 5605
150 5307
3504 4677
3605 7132
1640 3664
1585 8689
8236 8831
7504 8996
2805 4570
1640 2603
2216 4593
1640 8586
965 8317
3348 9109
1842 3368
8079 8596
6315 8480
7979 8180
185 7641
7008 7728
5525 9809
5836 9198
3503 7502
7580 9029
1842 2603
2805 7580
86 3824
1640 5153
3605 4806
1842 8690
3966 4579
2458 8596
1739 8079
3795 8674
1842 2805
3970 9912
3970 4593
4030 9809
4208 9409
2216 7261
1278 3301
5836 9366
2805 3992
965 7292
1585 1739
3795 3960
1382 5153
8078 9311
150 2664
4802 8418
150 4030
3504 5430
7132 7919
9406 9574
5836 8827
3591 7681
1269 8744
6644 7768
965 2341
1781 2979
6487 7287
8569 9725
1920 8756
7217 7662
150 6042
3966 7774
6332 8221
1842 6644
1441 8978
6332 8886
3966 4593
3795 8744
1585 6553
3966 5748
7008 8236
1739 6575
185 1133
341 5998
6644 8764
1585 5450
1781 7248
4851 9926
1441 7292
1920 8038
185 4030
3504 8115
2216 3010
3795 5999
4030 4505
8079 8959
185 8370
5836 6333
5525 5605
3504 4532
1585 7919
2458 5104
2458 3010
6315 9665
1739 2406
1781 4697
1640 7722
2216 2458
6315 8317
3605 8876
1585 1658
965 1482
185 1673
2805 5090
185 1382
4947 9222
150 3586
3795 8764
2805 7919
3970 5636
90 3585
1739 6231
1673 8115
185 1068
150 2518
1585 6092
1585 5307
4851 8744
2216 4116
5836 9755
1739 9809
8480 9755
4806 9389
8236 9011
185 8003
1116 9878
5589 9771
1781 3966
3330 4325
8236 9926
3605 6487
3966 4168
1842 9366
6644 8831
1739 2054
3605 4019
1920 7918
3970 7886
965 4168
6644 7662
2216 3591
150 9796
1585 5251
341 8456
5240 6153
1739 5951
7217 8569
7008 8756
2588 8177
1781 9198
965 4778
1441 9198
6644 8978
7580 8569
6449 6757
3605 7788
1640 1920
436 7427
150 5589
1842 6231
1441 9476
1585 5259
8079 8764
6315 6333
3529 9569
3348 8569
1441 8536
7217 8135
377 398
1842 5636
150 5782
6332 6784
185 3605
185 2406
150 660
1585 1899
6400 7788
2458 9051
3348 5430
7580 9725
5589 7008
3348 6449
3970 8695
6332 8510
86 8713
1130 3561
965 5605
6449 8831
150 1029
6315 6803
4851 8586
4415 9538
1920 7722
2805 6332
1640 2563
8689 9366
5589 5951
1640 3173
8177 8690
2216 8135
3504 5998
1920 2588
1781 8327
3966 5922
2212 4019
2965 5418
341 5951
4195 7988
1842 9316
2216 2245
4851 8596
8480 8975
6332 7819
3795 5836
1441 2054
341 8370
1585 7886
5836 9707
3605 8690
965 5702
341 4522
4388 7415
1842 9011
1842 6707
1842 8569
4806 4851
3966 7819
1739 3966
341 9389
3507 7945
5525 5644
5398 5464
3567 8107
6449 8586
3402 3978
1842 8115
4030 6440
3605 8744
1585 9912
341 9029
3605 7580
3114 7313
3605 6575
150 6217
1739 3960
6644 7337
1441 1640
277 9040
185 4579
4030 7808
1585 4478
341 4708
339 9282
1975 7353
8571 8634
1585 7008
8236 9051
1781 8586
341 8596
4030 8586
341 6784
2805 4116
8569 9707
341 1748
1585 6217
1441 8236
8569 9796
3970 6217
5836 6192
8236 9374
2458 5351
6644 7248
4030 5836
2950 6082
2458 6610
185 3504
7934 9051
7580 8674
1441 7580
1806 3179
1068 8370
3970 6135
3071 3412
7132 7918
2216 5196
1839 7104
1441 2944
6315 6707
185 1269
685 9639
965 7248
1842 3010
614 7401
4228 9457
185 4116
1781 8674
490 3365
6315 6482
150 3023
5589 7446
4030 8409
7008 8634
3605 8536
185 1804
4851 8409
633 3394
2216 4579
185 5430
3504 7201
3348 7420
150 4116
3966 9368
3795 7918
287 8654
3504 8764
7600 8351
1920 3173
3966 9912
1585 7641
2458 3002
1640 8078
1920 9809
3348 7337
3605 4780
4030 5351
7705 9476
3348 8079
1640 8674
7008 7808
4806 8317
1920 2426
341 8115
2216 4778
1842 3977
7132 8586
341 5153
150 7580
4851 6482
8078 9476
1842 8480
1441 1979
1739 2603
3219 3330
1252 6352
4806 6332
8079 8169
4030 7287
3504 4444
185 2518
341 5196
1781 2382
150 2759
8634 9316
2216 9354
3504 9665
185 8827
2446 3636
230 1483
2805 5836
1739 6004
6487 9368
7802 9963
1585 9175
150 7662
2805 3463
3966 5104
1481 9280
341 3436
150 9316
185 2489
1920 2944
1739 1842
965 1503
6315 8634
1640 9880
23 28
7988 8152
6315 7728
8480 9809
3795 8456
877 7934
1877 4276
1195 1712
4851 8536
8079 8695
6449 6482
6449 8571
5589 6440
8571 8950
4030 4522
3504 7261
4806 9368
3795 8634
341 833
2805 9316
2942 8978
3835 8261
1781 3098
3970 8360
1842 8135
3348 3605
1 6969
1842 8221
3348 6135
1444 7756
1585 7327
185 4409
6315 8975
185 1800
3966 7823
4030 8634
1441 2603
1441 8409
8689 9771
2458 8169
1640 3834
3504 9707
1441 7261
3970 4677
1585 5644
6449 9796
5525 7201
3966 6315
6487 8695
3504 4919
965 2658
1739 7886
150 2360
1781 5307
1739 1781
185 5605
341 2255
150 358
185 8215
3970 5836
1640 6167
1739 5053
1640 4851
1640 7918
6449 7728
1640 3970
1585 1979
820 4878
7580 8950
3374 3751
6400 8135
150 1739
1739 6135
3504 4478
8236 9476
1842 4919
1739 4168
3019 3526
1585 7722
341 8169
8756 9389
3348 4505
1078 1359
2263 3094
5589 6400
1640 3368
4806 5589
1842 2664
3966 5636
6332 8596
2458 3491
185 8690
3605 7177
648 7788
1640 3157
1920 9571
6332 8177
4806 8215
2805 8078
4030 7886
1441 3641
6482 8215
3636 8689
5840 7598
9880 9912
4851 9097
3659 4160
5836 9109
1947 4340
2805 4189
2411 2458
3970 9175
6644 7722
8571 9175
1585 3641
4030 4583
185 6610
2458 7705
185 3741
4030 7446
1441 7641
4980 5137
6449 8078
150 5153
1920 8409
1920 6042
3348 8317
7620 7756
3795 9792
3605 9665
7580 7768
7217 8744
3593 8663
4806 5999
1842 4505
1525 9530
5525 7177
5711 8300
3348 8215
4851 8510
1842 2458
2164 6699
7217 8327
1739 9926
3795 9578
7529 9751
3504 8235
1842 4161
8079 9354
965 8886
3348 5259
1842 2796
4806 6440
2306 6031
1322 8183
5525 5836
2805 6042
1920 2800
5836 5922
2216 9374
3966 5999
1781 4480
1920 7906
2458 9725
8634 8690
1739 2759
1781 6707
7132 8536
5589 5644
4806 5430
8480 8831
4806 9175
5525 9796
7580 8023
3504 5525
341 6192
3970 7580
5836 7177
2805 5251
1585 8409
4806 5998
4085 9634
4162 7378
341 4137
3605 7919
1781 9354
2458 4522
1842 1874
3970 6449
4851 7201
2458 4677
3348 5836
7074 9948
5604 7409
4394 4887
8689 9029
1640 8023
3795 6092
4806 7641
2347 4143
3504 8169
185 3977
3605 7292
2216 3098
2458 2979
6400 7177
277 8024
341 6553
341 9311
1441 6853
3970 6406
5518 9963
2216 4030
8079 9578
1920 9368
110 6644
2805 6135
3759 7903
1441 1568
1842 4708
526 1797
6332 6575
2458 4778
8078 9809
8078 8360
1739 7261
1441 5748
5213 7219
150 3649
3970 5525
1920 7817
4030 6167
6315 9374
1640 8978
1842 7722
8634 9571
8480 8582
1640 3966
1781 7819
7008 8095
965 1213
6487 7008
8569 9272
3348 6315
1585 7788
2944 8975
150 6333
184 3048
5589 6853
3094 4459
1728 3229
2216 9311
3966 5431
6332 9725
6487 7817
4806 9316
7620 7870
1585 3960
2814 4240
7008 9029
2458 7681
1920 2341
1739 8456
1781 3586
6728 7502
6449 8221
1842 3966
11 3654
2458 4967
6644 9011
4030 8831
761 4179
6644 7919
1585 9011
1640 4708
2216 5922
3795 8235
1585 5430
7008 9272
1640 4549
4851 8078
2458 3252
1441 4801
2458 9097
965 4942
1842 8876
1640 8135
341 7823
965 6853
1585 4967
1781 4478
3795 6707
1585 5748
8078 8536
6025 7872
1441 4708
1842 4549
2805 9109
1441 4778
3795 9175
7132 9311
1261 3459
5525 5851
2805 5420
185 7248
4211 4332
1640 5307
7008 7919
3348 5782
5525 6092
3504 4116
3605 9827
3504 5351
3348 4919
1920 3455
185 8095
6400 8831
6644 8695
3348 6440
2216 2255
150 4278
150 2901
1441 1547
3605 9809
341 920
3795 4495
3795 4505
1781 2464
3605 5947
3348 7085
1441 2182
341 2745
1842 5644
3795 7641
2216 3157
6400 6548
965 1924
1531 2683
1842 9771
150 4545
1920 6406
1640 8003
1585 6167
833 8764
4851 9366
6400 9354
6644 9755
1441 9051
2216 3641
341 4579
4851 9755
2805 7768
2458 7580
4919 5445
2458 2603
1585 2944
4030 5851
1781 8236
1781 5782
3605 9926
3348 8690
3504 3636
1585 2397
341 1178
1920 3098
7008 8744
6332 8235
1640 1800
1842 2648
3605 8221
1640 5709
5836 8360
341 392
2216 9771
3970 7934
185 9755
150 4022
3795 9368
4806 5104
6449 8634
1781 2800
6332 7886
1842 8744
2216 7641
8236 9311
6315 7132
3605 5525
1585 5420
3966 7705
1640 1874
8959 9571
1977 8095
3504 9792
1920 9011
150 1441
3348 9272
965 2979
1781 1899
341 2603
2216 7662
3970 8876
6487 6784
1781 2411
185 8978
1920 4967
2203 8917
6644 7906
3795 4478
185 3252
6644 8950
4851 7085
4030 7008
1920 5999
8236 8827
965 3641
1842 4780
150 4026
1739 2382
2216 2588
1920 2648
685 5474
965 6449
8689 9374
3348 7201
7217 8975
3795 7808
5836 8079
1441 3123
2458 9011
1920 4478
1781 9523
3605 8831
1640 1658
1739 3605
6315 7819
4806 9771
2458 6231
965 9029
7217 8689
3504 4030
2458 3664
2216 4444
1585 9665
6449 6575
7132 9368
3795 9771
1640 5379
5525 9011
5525 6644
1920 7287
1842 1979
3504 4570
4851 8169
5836 9880
7008 8831
185 8959
1640 8582
7132 9827
965 6784
3229 6900
8689 8886
1842 7292
1842 3591
5836 9476
3504 4694
150 9389
341 7085
765 5129
184 2333
4806 5922
3348 9665
2562 7632
6487 7886
1441 3491
1681 3324
185 3641
2805 3491
3348 3960
3179 8171
6332 8827
5589 8695
4851 8978
2805 7886
1441 1503
7217 9792
1441 7446
2216 9707
3348 6437
150 9792
3970 5748
5525 6575
341 1068
1739 7201
185 2771
341 6610
185 7446
5589 7819
6644 8480
1842 6400
965 4478
8634 9366
5525 6803
2805 9725
2805 8235
8689 9109
5554 6352
3605 6803
3504 3977
3348 8003
3970 4022
1709 5617
5286 8376
1531 9926
150 3463
4030 6406
8049 8279
1842 2255
4851 7856
6487 9011
3605 6437
185 968
2721 4433
981 5357
1640 8690
185 2341
965 6004
6304 7353
3970 8582
1842 8950
4851 8690
1920 4030
6991 8024
1842 2216
2521 4653
1781 4878
185 8236
3504 9476
7217 8886
4030 5153
3348 6487
3850 7596
1781 4694
1842 5589
2458 5090
3970 4189
2805 4478
4851 8135
150 2406
3504 5836
8689 8756
341 811
3605 5922
1920 2534
3605 3641
992 2757
150 479
341 8950
3463 4532
2216 2534
3135 8595
150 4694
150 7886
4851 8827
2458 5947
3504 8674
341 2446
4851 4919
3966 9771
1920 5379
1920 8536
185 2411
185 6333
965 5259
7580 9272
8689 9665
7919 9029
3828 7212
150 9029
1920 8975
3348 7099
3348 4570
4851 5104
1739 8634
2216 2360
4030 4322
6400 6437
1426 9416
1842 7008
3605 8235
6400 6757
4030 4697
3970 6803
1640 8510
5276 9606
1658 4019
3348 7768
1739 7085
1842 6192
7580 8886
6449 7132
9217 9393
1739 6936
3966 5951
1441 6610
1842 8003
3605 5589
5525 6553
8689 9809
965 8409
1640 6440
4806 8370
2216 7906
3966 9272
6332 7808
1585 3150
7580 8827
1585 2182
1781 1874
1920 6333
7217 9175
6644 9476
1834 4728
1739 4603
1640 6610
8634 9707
965 8215
6487 8221
1311 2152
1029 2979
7580 9578
4030 7641
2489 5431
8079 8215
5836 8235
4806 8596
843 7305
1640 2664
1842 5450
3504 5589
150 2683
3504 4603
6315 6449
341 4505
6293 7713
6315 7420
150 9354
1739 9109
1920 5259
8079 8456
185 5196
965 2001
965 5450
3348 4801
2382 2805
9792 9926
3795 8569
3966 9175
3970 8978
8236 8876
674 5316
1640 2411
3966 5053
3605 9796
8480 9571
1662 6230
1739 6707
1673 8756
1920 6135
1920 8959
3966 4583
548 1975
1781 4708
3795 8689
5836 8586
2653 8349
185 5636
7008 8456
5525 8586
150 7008
1441 2759
965 3435
8079 8634
7008 7085
4806 8169
3605 6853
1712 2883
6104 8509
1640 9354
1842 8959
2216 5178
7217 8023
1441 9926
1585 3649
2534 4697
3605 5251
2216 2603
5589 7817
3436 7823
3966 7292
3613 7674
2805 5709
2458 8317
3348 7808
965 7886
3348 4778
185 5251
2216 5445
185 7420
3504 6192
1920 6092
4806 8003
3348 5351
150 8456
4030 6437
1441 9725
6644 6757
185 4694
2458 5836
2458 6400
1739 3252
6332 7906
5589 7261
5589 8480
1640 1739
5317 6187
3966 8959
1877 3727
1930 4232
4806 9578
3970 9880
3966 4694
185 9771
4030 8480
1739 8038
1478 3784
1739 9771
1781 8510
7008 8215
3605 7248
1585 2738
8078 9665
3504 6610
2572 5398
6531 7218
3019 7141
1640 8689
3605 7099
3605 8169
1781 3368
5836 7662
2458 3636
5525 5709
8569 8695
1920 3649
8236 9755
4806 4919
2458 5178
8480 8689
1585 9578
6332 6482
965 8950
1739 5104
5869 6699
6400 6644
3966 7641
6332 8236
965 7788
1441 4409
1842 4022
2781 5760
1441 1842
8337 8841
6177 7658
1585 2054
4653 9678
3048 5454
1739 4583
1585 6482
1640 7705
185 3455
4806 7856
3795 9316
2406 9272
1186 9282
1739 5379
3795 4967
1400 2121
6332 7788
2805 6315
1842 8038
3348 7641
2216 8959
3605 4522
1441 2341
185 6853
1585 4697
8079 8756
1441 2805
3504 8756
8078 9912
5836 8695
5525 7906
3795 4161
3970 7918
1640 8950
2216 2771
965 2603
1441 7886
1842 2759
4511 9853
1781 5379
1640 9029
4009 5404
7008 9051
3504 7248
6487 9725
3348 5251
185 8510
1640 9366
150 4133
5836 7132
1781 6936
965 1781
7919 9109
5176 5438
8571 8586
3970 4801
543 4507
6332 8360
3605 7856
150 8596
6449 9476
8959 8975
965 8456
1800 8169
341 4026
1781 5947
8480 9665
6315 6406
1842 9578
5589 7292
1739 8571
2458 7823
1640 3123
6400 7337
2458 2805
7580 8975
1640 7641
827 9218
1441 1585
4851 5153
1842 7919
8571 8695
4030 5307
1842 9792
1441 5431
185 7728
1920 3435
3966 7177
3605 8409
965 4801
1739 9476
4806 7662
185 2212
185 6217
1875 8972
6449 7099
4468 6039
8689 8831
1842 2489
6449 6853
150 7774
150 8695
1739 4708
3402 7370
4030 7217
6400 6482
6644 9523
1920 4137
764 4590
185 5053
2216 4549
5525 5947
965 1585
2216 6757
185 1531
2458 7287
8571 8596
1503 2800
3605 8634
2216 4409
5525 6004
2216 9109
185 2745
341 8744
339 3303
2458 5782
3504 9771
8634 8876
4851 9578
150 1269
185 8569
4851 8360
1441 5605
1739 8690
7008 9523
5525 6437
1212 7872
3504 8510
3504 4189
1842 6406
1781 9912
1249 8081
7680 8989
965 3023
1842 7217
4806 7008
1441 4780
5836 6126
5836 6482
1842 7934
589 2406
3348 5851
3150 8876
1640 1842
5525 7641
5323 8153
1842 7580
8079 8536
1441 8634
4806 8959
3795 5445
150 8169
392 3157
3545 7380
2216 9368
965 1739
6644 8095
3010 7177
185 4133
3348 8886
2908 5125
4851 6440
5939 6881
7008 8038
3795 6644
3605 7662
1920 5351
1683 5293
965 1539
3966 4322
3970 5351
3795 9880
6332 9097
1585 6707
341 2001
3504 7788
1842 5748
2341 3436
2458 4137
8634 8689
8078 9523
1930 4183
1920 7248
3348 7217
3504 8370
341 4989
6644 7085
150 471
185 6167
810 2036
7217 7808
3970 4137
1842 8510
7217 9571
854 4486
4851 9796
6487 6548
2458 5644
1585 6192
3123 5636
6487 8959
8236 8360
6315 7287
965 5445
2458 4780
1781 3435
1739 4478
2333 4308
3504 4942
965 2805
2350 4976
2805 3435
2458 5259
4851 4942
2458 2683
198 1249
3966 7808
6315 8003
1842 3123
2805 6548
1920 9771
1640 6487
3605 6440
8078 8827
341 8095
2805 8950
1920 4322
1781 1979
965 3977
5525 8235
4677 6333
9063 9455
1739 4549
2610 3128
5223 5591
3240 7382
6644 9368
3348 8038
965 1920
5589 7201
6298 8862
1739 2216
3054 3213
6095 7898
8236 9354
6449 8215
3970 8674
341 6482
8689 9926
1585 8327
1739 7446
4560 6994
1024 7771
4057 5661
7008 8569
8634 9109
185 4851
4806 9029
2216 8169
2458 5748
150 7919
965 1568
7008 8235
1937 9716
1920 4677
1842 9368
1739 7788
201 3332
4806 9880
965 9272
2216 9880
3605 7217
8078 8221
4806 9354
1640 7201
1441 8135
4030 5090
6315 9175
1441 8370
1640 2382
150 833
341 2518
965 4030
6507 8786
965 3966
3587 4314
6487 6803
920 5951
1842 3649
1781 7446
3605 9755
1842 8831
2458 8038
1585 8095
4026 5709
1653 8295
1585 8177
1920 2658
341 7008
7217 8634
4115 8145
1640 4444
3605 7446
4851 9011
2216 6610
3828 8803
7728 9354
965 3591
1585 7768
965 2664
1640 7808
1441 9354
5589 8079
965 4116
1675 6326
1640 7248
1267 6508
8689 8744
341 1762
1585 1845
4303 6595
185 5178
4806 7823
1842 6440
1781 5998
8078 9198
363 440
1920 2796
376 9716
1920 4019
150 3605
27 110
4322 6315
965 9796
2397 4486
3970 7132
1842 9880
2458 4694
1781 2738
3605 9109
341 3605
7217 7337
4806 5851
6110 7494
8756 9354
5589 5605
1920 4778
965 5998
7132 8596
1441 2745
2796 8221
1781 6548
3918 6995
4893 9811
8079 9809
2458 3436
3585 7889
1640 2458
7223 8231
965 5153
1920 6332
7132 8876
7849 8474
3970 7788
8079 9755
1739 9725
1739 9827
7132 8169
8756 9926
1278 4443
4806 5307
7217 8317
3795 6217
965 6042
150 2648
1585 3098
3970 7287
8079 9109
1842 7132
3966 4549
8128 9869
4443 5579
2805 9578
7217 8510
2771 8634
3795 8095
1842 8827
4525 6476
6315 6553
965 7934
1585 8038
6315 8674
150 1924
7217 8764
1842 2426
2458 7774
6487 7705
3795 6406
176 6044
4806 8744
4480 8831
3970 7099
5059 8171
6487 7420
1441 4603
150 4801
1781 8886
3970 8079
150 7918
4030 9725
4030 9755
3605 9725
2216 4137
5836 8764
2759 4022
5589 9097
185 900
1739 7287
6400 6784
6487 9792
6449 8569
4030 6192
150 4579
2805 4522
5525 8831
1842 6575
185 8235
4851 9368
3605 6757
1585 5605
2216 4851
4851 5351
1640 5951
3970 9272
8634 9796
4806 5196
2216 7327
1920 2382
4240 7639
341 3641
7008 8327
3605 4708
7132 9912
2216 7177
7008 7906
2436 2667
6315 7886
7217 7420
1585 7292
4851 5259
3970 8317
341 1804
1640 2901
1739 3348
6332 8169
1842 9912
3504 5053
965 1977
3504 8177
3970 8370
1441 9011
1920 7641
341 7934
1441 1739
2458 5702
1585 4583
4851 6231
6121 6425
972 6680
1585 4133
3605 8586
3605 8038
7423 9693
3348 7705
8571 9011
6508 9239
2599 4459
5589 5922
1842 4603
1842 9796
5525 8959
1920 4603
8480 9725
203 9944
4806 4878
2805 9175
8756 8886
5836 9665
965 4708
1739 5636
2216 6644
150 7788
2470 8415
4030 9578
3970 4603
965 7641
8441 9037
2458 3834
5836 7918
2024 9175
3348 4133
150 8756
2533 8700
6217 9523
1842 2360
1585 2024
150 3368
3795 4851
6644 7008
150 4505
6449 7337
5709 9097
3504 6437
6351 7598
3795 7292
4606 7500
1441 1899
2216 4278
3605 8327
1739 8177
2458 6315
2805 6167
7217 7722
1585 3436
4684 5780
3605 4022
1838 3674
6644 8596
4806 7774
3970 5430
1640 3591
7132 7728
8236 9198
1739 4505
1441 2382
341 9827
7580 9316
4851 9389
9063 9634
965 4278
2181 3545
6315 7099
2805 8827
6644 8079
5589 7085
2805 8596
3795 4189
1441 4116
3751 8473
3966 9725
8079 8582
6400 8115
3966 8038
8571 9476
1441 7808
1640 7823
3966 5998
1441 7774
4851 7287
7327 9476
150 5851
150 9665
965 6644
5836 6406
185 2942
2805 7292
1920 7085
3795 6004
7132 9725
1920 3966
4851 5947
2999 4769
3970 7337
1920 5251
3605 8975
6487 7934
8634 9755
1842 7856
3795 3966
7 6993
150 3455
3795 8236
150 5951
1842 7823
1739 6784
4806 4942
2805 9011
3348 9571
3605 7918
1640 9578
1640 4603
965 2759
64 7615
3504 7681
185 7580
1441 7856
6487 9707
150 4486
6400 8370
2805 7099
2216 6553
3605 4967
3970 5104
6315 6440
3795 4168
6487 8586
5836 9926
3301 5706
8756 9771
150 1762
4851 6610
287 9852
6315 7856
1842 3436
1585 8634
3504 6400
649 3522
5279 5409
341 5922
965 2382
185 6548
7132 8360
1441 8764
1585 6853
150 2216
1441 2238
959 4898
4806 8569
3605 7768
1647 6161
1441 6406
6004 8959
6487 9926
6332 7681
8959 9809
5525 9311
2458 7327
1781 4522
3966 5196
2458 8510
7132 8370
1781 5153
6332 7768
1212 2219
5589 5836
4468 6064
8236 9792
1874 5782
845 1480
341 2360
3504 9316
150 968
1200 6167
235 4116
3795 8596
2883 3346
8078 8950
8571 9571
7008 7662
1842 8215
3795 5525
1845 6192
1781 2341
6315 8360
1585 4022
150 2588
8634 9809
1808 2277
4766 6220
6400 8886
1842 9109
2805 4532
185 3664
3605 7327
2216 4801
8078 8510
6315 7906
3621 6121
1920 8634
185 660
349 5777
4806 8536
2216 9051
1842 9175
3795 5636
1781 7201
5836 7919
6332 8215
185 9707
8078 9707
1441 2720
1920 8690
4464 9135
185 8831
1920 4806
3408 4879
8236 8317
8079 9175
4871 9598
501 4397
2805 8582
1744 6735
4851 9198
1739 9175
3970 8634
3605 8886
7132 8634
3605 4505
8480 9523
7580 8038
7008 7099
5755 9511
1781 7580
1920 8177
1441 8480
7132 7817
5265 6988
3348 4137
1920 1977
2504 4211
4030 7580
2502 5173
2216 7788
1920 6449
3348 7722
1739 4022
2805 7823
3605 8978
3348 9476
7394 8315
1601 3855
5937 7877
341 6757
6487 7292
8078 8586
8480 9368
3348 8169
5589 8177
5258 5858
6487 8569
3970 9665
1781 5748
341 4583
1739 2518
1673 4806
8569 8978
8756 9109
6315 7722
185 5851
1640 3002
3975 4709
6644 9109
2458 8456
341 1673
1842 2944
7217 8115
1585 1673
965 9755
1979 6437
1739 2360
3504 4168
6400 9272
3504 8078
1842 3586
1739 7722
2181 9526
2963 5393
9792 9912
185 1441
2805 8236
965 1658
6315 8764
1441 9755
27 2603
4806 7177
8079 9796
7580 8510
1781 6487
7008 9665
1920 4570
6487 7662
8078 8674
3795 7099
5351 5605
341 5999
3605 8480
8079 8221
3588 6971
1441 2255
341 5636
2805 4137
3348 7788
1156 4777
3966 6548
4030 4708
3504 8596
150 1503
8236 9796
11 3101
1739 7662
2216 8480
341 4168
1673 3977
1899 3970
150 1213
2340 9751
8832 9172
1671 2077
150 820
2216 8827
3348 9029
3605 5709
3970 9316
5589 5748
341 9809
7008 8975
5589 8078
6315 7705
5525 9827
5525 8582
2805 8360
3970 8756
543 7754
1842 5430
965 5947
965 8327
5525 6487
150 1068
1842 5922
3795 4708
7580 9755
5525 6406
2382 4549
3970 8023
7580 8586
1441 3157
2796 8456
3970 8221
3795 8876
150 8360
2648 6332
2458 5851
8613 9373
6487 9523
2458 9912
5084 9988
7800 8219
4806 8764
3795 9311
7910 9925
6332 6440
3504 6707
1640 4967
1673 8079
1640 5178
2216 4505
1781 5525
2458 3348
5525 7337
7217 8235
4851 6437
1585 5431
1031 1047
341 6231
3605 4116
1441 2563
3597 9905
185 4505
6487 6610
9136 9890
1781 7008
6332 8023
5836 6487
1920 8317
4806 8950
150 2489
3504 9796
1739 4480
4851 7823
2458 9827
8480 8586
4684 4800
3966 7722
1719 4413
5589 9051
1441 5644
468 650
965 1800
1842 4168
5836 9272
2216 2683
1441 4030
5836 8177
6315 7085
150 687
5836 6437
1739 6333
185 6757
1739 6548
3337 4053
965 3252
2805 8886
7132 8177
1640 9051
185 2398
4030 5251
2458 9755
4851 9665
1640 3605
3504 7099
1739 8327
1842 4116
7580 8582
4030 8596
2165 9345
6251 9413
5836 8634
4030 4480
1640 9175
4030 4570
3348 5998
2216 3173
6400 6406
3970 6126
3795 7817
1585 6400
1739 7681
1441 8876
341 8571
1920 4409
1640 7768
8959 9665
1842 9755
3404 6000
1585 7934
1920 4851
2216 2341
341 4545
5589 6644
341 2771
2508 9605
2805 7177
1781 2212
185 3966
5589 8360
3271 5073
2028 5746
9031 9167
2216 2796
5525 8571
3504 4019
150 7819
5589 5999
1213 8582
1920 8510
1739 3173
8079 8095
341 7768
6315 6487
6506 9770
4851 5307
185 7008
1781 6803
3970 5379
5866 9444
965 8236
1920 9665
1441 8078
1781 4806
3908 4957
185 9809
5589 8827
6644 7201
1640 2745
8756 9571
1640 2001
6400 9366
965 8827
5836 7788
965 9175
2989 9890
6400 9571
4766 8640
3348 9011
4806 7337
1920 2001
4030 5748
7287 8360
1920 8078
6332 9665
5589 7856
6400 9796
2216 2464
1441 5998
341 9354
1640 6437
1441 5589
2805 9827
4030 8215
1585 8079
5525 8023
3674 9561
3605 5178
1585 4851
1640 4778
3970 8480
7217 7446
3348 9926
2195 7896
5261 9879
1441 3348
1781 8756
1739 6217
7008 8115
539 8981
3348 6610
964 4355
1842 5196
2805 4694
965 2796
6315 8023
8756 9578
6487 9311
3605 7420
6644 9578
1640 3795
2216 3368
2216 4495
6400 8236
1585 3586
2216 7008
6332 7774
6449 8950
6332 7705
150 8215
1441 6135
6487 8764
8955 8972
965 2771
687 5702
341 2406
6383 6988
4851 6548
185 4778
3795 8317
7580 8571
965 9665
4030 9097
8078 9792
1441 1673
3108 5073
7580 7788
3504 9912
9345 9946
6644 7217
150 9912
1640 7886
3504 6167
1441 4549
1441 5836
1781 2398
1441 1749
341 1800
413 3243
1920 7292
150 3741
6315 8409
1781 3636
5525 6482
940 1635
1842 6784
5836 8831
1781 9665
3960 5605
6487 9880
2805 2942
965 8221
1920 7132
3504 8950
6703 9530
1441 7819
3348 7008
3605 8095
1441 3586
8634 8674
3504 8582
3605 4478
1585 8695
8959 9578
3605 6135
965 4137
4030 4168
2458 6440
1781 3970
8756 9725
150 3970
6315 8115
4321 7125
3966 7287
3966 7934
3970 4919
1781 2518
3348 8078
5525 7099
965 8764
3795 8582
185 8177
3795 8827
771 6244
1842 7085
1920 5636
125 7160
1048 4235
3966 9366
8078 8235
965 8571
4030 8744
7420 8360
965 4322
2562 6064
6487 8634
1920 3960
6202 9874
3795 8221
8959 8978
2458 3795
1441 9912
733 4919
185 8689
3970 7722
1585 8582
341 4967
965 5431
965 7420
8480 9011
4806 9097
2216 7886
965 7919
3970 9571
4851 7705
3348 6575
5836 9809
5404 9049
1441 7201
341 790
1842 3641
2216 4478
1640 4409
3605 5605
1585 9368
3795 4549
3605 8370
7008 8079
4030 6553
185 928
1739 9578
2963 7144
1640 5702
4806 9051
341 8827
4455 5385
1585 4545
7217 8095
8569 9809
1842 7788
3605 8079
341 8235
5525 8038
185 1499
1781 6042
1920 6757
341 1441
1781 8169
4851 5709
3605 4570
1920 7327
8569 9097
1646 5606
1739 3002
1920 2360
5589 6406
965 1845
1781 6400
4851 9707
1178 7808
965 4505
1500 2851
1842 6315
150 5525
2458 4851
1640 6315
2582 9882
3605 3795
7132 8571
5110 9217
2216 3834
3348 9796
4266 5288
6400 8023
1739 4444
3504 5947
1781 9880
150 3010
4806 5636
4851 6553
2144 3335
3605 9198
8959 9198
2207 5316
7008 8023
3554 7690
78 4392
1585 2446
3966 9926
1441 5090
1781 7681
7217 8370
4851 7292
6487 9366
4023 7024
8569 8586
1585 8236
3966 4019
1585 2942
4851 7919
2216 4545
5126 7889
4030 8571
2216 3636
1640 8876
8236 9912
1739 6042
1640 1899
7132 7788
3861 4574
471 2398
1640 7788
1585 3834
3348 8634
6449 9912
1640 2238
7132 7808
4030 9926
1842 2800
3504 9311
9792 9796
1781 2182
8079 8586
2491 9863
2805 6126
4310 6562
8079 9571
150 4603
2805 7217
6487 8177
6449 9880
3504 9389
3504 7217
6644 9809
2805 6707
7217 7728
469 8981
3466 6475
5589 7705
3795 9809
8349 8538
185 2683
3966 4495
5836 8480
835 6543
1842 9029
6332 9051
2205 8280
150 9374
965 8582
185 2796
7128 9373
1924 2426
150 2341
341 9368
185 5104
3795 7819
2216 5104
1406 6440
3795 5589
4806 6231
3795 5605
2458 8003
6400 9374
7217 8409
7008 8221
5811 6758
185 9368
6644 7728
3348 6406
2458 2664
5379 8975
1842 7177
3696 7639
3683 7700
4030 9051
6332 9926
5836 7823
7132 8582
1739 4806
8255 9174
2040 4378
7217 9366
2216 6449
8571 8831
7132 9476
2216 2382
1781 7420
8078 9368
1491 6086
3504 6803
2109 2900
1920 8235
965 4480
3504 5999
8078 9366
965 7768
3996 4136
6883 9606
1920 4801
1842 7705
758 8717
6315 7217
3795 8886
2805 9796
2216 9578
2180 3941
1739 9051
1920 8327
3504 7817
6400 9809
3966 4778
965 8003
1781 9571
3966 6610
1585 3504
3795 8950
1762 8536
2458 8744
6315 6936
4851 8756
3966 6936
1842 5525
3966 8078
8634 8744
1327 3509
3795 6575
1492 6464
2216 2310
6449 8023
6326 8828
185 5748
6449 9011
341 1482
1739 4137
7580 9880
1920 8950
1947 5978
965 2464
1920 6707
7217 8586
4839 5288
2588 4522
1441 5445
3795 9571
2805 7337
6332 6400
4030 8235
341 6406
6784 9796
1842 2182
5836 9912
3787 5591
2805 5104
6449 9771
4851 6449
7132 9029
4851 5090
6449 6644
3970 5420
6487 8409
8571 8876
1920 8569
3649 5153
3966 9011
6400 9051
6400 7906
3970 4989
3348 5702
3795 7934
341 8327
1781 5709
7217 9051
5589 7217
1842 9272
3348 9097
8480 9311
185 8480
3966 9389
965 4677
150 5431
7217 8215
6487 8135
3348 4708
1781 6440
1920 9109
150 623
2805 8674
3504 7774
8569 9368
7855 8660
2805 4545
6332 8586
3080 5845
6315 6610
5589 5947
2216 8975
6449 6784
4030 7788
3504 9809
2458 5922
8079 8480
6487 8978
1842 2464
7580 7705
1585 8456
1640 8536
6400 7008
1781 8480
965 2255
1781 8079
3348 9389
549 6627
1673 8571
1781 5104
2424 7082
7132 8079
1842 7817
1640 6784
3605 4989
2216 9809
3970 5605
3755 6677
5836 9725
6315 9109
1689 7504
6400 8978
4030 6610
965 5589
8079 9792
3504 6936
2458 2944
341 7856
341 7728
1920 4189
1585 5836
3348 8975
1739 4133
1739 7292
341 623
6400 8510
3966 4989
5999 9578
341 2182
6256 7926
1441 8169
5525 8078
150 1781
185 3348
341 6332
6487 9796
1842 4694
3795 3977
185 5947
341 9272
3970 9771
5836 9175
3605 8360
3605 4133
7304 9800
1781 2024
2458 7008
2872 8275
5589 7728
4232 7547
8689 9011
4806 6333
2458 7788
6644 8215
5525 5636
150 5178
5836 6332
1585 7662
811 1739
556 3941
1739 8115
8569 9523
7074 8193
928 5589
1781 9926
4505 7817
1739 3664
454 9503
3966 8634
150 3002
7580 8689
150 4137
8571 8764
1640 4278
3605 9912
3966 4137
2331 6702
185 312
341 877
5045 8891
1842 4189
2319 3892
4806 7722
7580 7808
1842 8079
3817 6875
3504 5702
1781 8596
7132 9796
1441 2397
1920 4878
185 965
3795 8360
1441 4161
5589 6167
1585 2683
2805 5998
142 6898
150 6135
3029 4694
1920 7662
3504 4878
2381 7529
4806 8480
1640 2054
1375 8049
7008 7681
3605 9272
1441 1779
1781 8764
1739 4030
2216 7099
965 5999
854 5998
3118 5697
4115 9811
1739 2182
341 9792
3970 8886
1441 6553
4851 8975
2667 9047
5851 9198
185 358
4806 6167
341 8536
5053 6548
150 1547
2458 3435
2216 4026
2216 3504
1842 2534
150 7705
2805 7327
1178 2397
2458 6482
3504 5090
5464 6935
735 2272
1842 5420
965 5951
1585 4505
6487 7823
1739 2212
1441 3504
1585 8569
185 3586
1842 5178
3504 9109
3163 7999
3966 5947
7132 8327
1122 8953
8689 8690
4989 7722
2216 5851
6332 9571
4271 9280
185 3150
1897 2840
1920 6487
1920 5153
6773 7472
150 7217
150 589
4851 9354
3966 9578
4806 6135
5589 8038
1739 8674
5589 8586
8079 9476
7217 9476
2216 9912
1585 3023
4851 8886
3605 7728
6315 9523
7580 7934
2216 5351
1927 6298
1781 7886
4851 8950
7580 7919
150 7201
5525 8115
2216 6126
965 9880
2805 6004
4014 5107
1640 2534
3605 8023
185 2069
2216 4322
3966 6042
341 4278
3010 8886
150 5450
1186 9303
2458 8690
1585 8744
3504 5307
341 5836
7132 7886
1673 7132
3605 8115
3605 6644
1585 5636
3795 7420
6644 8235
4030 8078
1781 2683
1739 5525
3605 7201
9809 9926
2458 4570
8078 8959
2100 3241
8079 8569
3605 5430
8236 9109
129 3529
1441 6548
4806 7819
1640 3977
5525 7705
1585 8876
185 5450
4030 6449
3605 5644
4806 5605
4851 5525
4250 6857
5525 7788
3605 8582
1441 2796
8079 8370
2458 2464
8756 9175
797 2169
3364 5386
2242 9852
3759 7870
3504 5951
1842 9827
4030 7337
2458 4583
341 7248
341 2942
3966 6482
3795 5922
6487 8876
2771 7446
6400 7681
1258 1607
7132 7856
4806 8586
3348 4019
335 3629
2458 2942
8689 9796
2233 8331
1842 2069
3970 7856
5589 6135
185 4480
5708 7559
7580 9796
1920 6553
1920 5589
185 2458
4035 6935
3504 7662
7217 7261
4851 7808
2805 6853
150 4989
150 5104
4030 9665
1842 8978
1739 4278
8480 9097
341 4189
3970 7177
3504 5251
2216 4480
185 687
3795 6315
2458 4603
1607 6583
6315 9827
1739 8480
6400 9926
5589 8582
4579 7662
4851 8003
150 235
1842 7641
3966 7728
4030 5445
6332 6548
7008 9354
3504 4583
2458 4444
1640 2245
185 7856
3966 9796
4030 6853
341 2397
1585 8764
3348 8827
4806 8078
6332 7261
150 7681
341 7722
1910 9946
468 9167
8959 9029
1640 4593
3605 8571
5525 6548
1781 5851
341 3463
1739 1979
2458 4278
150 8327
4851 7261
1781 4030
7008 8078
6487 8327
150 4168
8756 8827
3795 8327
3795 4480
2216 8370
1842 7768
206 3352
2216 2942
6487 7641
2582 5858
2623 8546
5261 9222
1024 8989
1739 3098
2216 7819
3966 6803
2216 3436
185 8317
7217 7641
7580 7886
4035 4572
150 1779
4806 8327
1585 5525
1920 2182
2805 5351
5589 6757
4806 7446
965 7099
6487 8480
341 9771
2805 4322
5589 9366
1441 9389
1640 4878
341 1977
2458 6644
185 8327
7008 7705
6315 9809
6400 7099
8634 9198
5035 5360
185 6192
7292 9523
3605 4137
2458 9311
6449 8038
6315 9366
4030 5709
4030 6092
4030 4801
6487 9571
1739 5431
3552 6876
150 2398
7132 8831
3348 8596
1585 7819
2805 9707
142 9323
6400 7641
2458 2771
150 2603
4764 6475
63 8674
5836 8978
3795 9029
1781 9109
6332 8689
2216 3002
3605 5445
4030 7132
3966 5702
965 5709
5279 6496
8079 9880
1739 4851
1585 6437
1842 7201
341 1979
1441 3649
1441 2489
6400 9198
1640 4677
3966 7768
4030 8536
1640 2360
185 2534
2216 7287
965 8235
1585 5153
5836 7261
8786 9049
7008 8571
3605 4189
237 6196
1640 5351
797 2351
6644 8221
6400 9029
7132 7580
7008 9571
8959 9912
230 3881
965 2024
5525 7886
8689 9827
5589 5998
3605 4697
4195 7219
549 7849
3504 4851
2458 9272
5589 5782
8571 9796
1842 3098
1640 6217
965 7705
1781 2069
1781 8095
185 6042
1781 9374
6400 8596
3966 4133
8634 9725
150 7446
8756 8978
1585 9809
7217 8078
8078 9374
150 4708
3966 4505
1739 5430
5511 7423
1842 9707
3795 9725
1640 7177
1406 4967
1739 6092
150 1658
965 9912
185 8975
4851 9571
5525 9109
3795 6440
3970 9755
2306 3583
1441 8569
1585 4480
4806 6936
3659 8663
8078 8079
2458 8480
5259 8571
7580 7681
1920 7681
1441 2212
1781 6553
3605 5636
1842 4278
2458 6553
8571 8886
3504 4708
1585 2979
1441 3463
1920 9792
4030 9029
6332 6487
960 9174
1781 6449
185 1845
6082 7999
3970 5178
1739 8950
3966 5709
1640 9707
1899 4022
6400 7856
2805 3834
1585 6406
6449 9311
3970 7681
341 7906
8079 8744
4777 5173
5525 9926
1920 3834
3348 7261
3966 4161
2805 9051
7132 7217
5507 8976
7132 7292
3243 5580
6332 8327
2216 9796
341 3977
3071 5360
1628 1647
3605 9366
1842 5999
2805 5178
341 9198
3970 9707
1640 9926
3605 9374
1640 4480
3504 4278
7132 9880
8079 8571
1050 7380
8078 8886
1842 3491
6644 8115
1842 8674
341 3010
1441 3591
185 8023
341 1608
3966 6332
1547 8317
185 648
1640 9198
6332 9175
2805 8317
2458 6853
6449 8236
1842 3834
8078 8975
7580 8596
6644 9198
341 9097
2805 6231
4806 7788
5589 8095
7132 9354
185 1779
922 7787
8959 9523
1640 7580
5233 7610
4030 7817
1920 8079
150 8177
1888 5640
8409 9571
2458 8177
341 7217
6315 9755
150 4570
8571 9809
3966 4801
965 8370
7580 8409
150 6315
6449 9578
341 8360
1585 3970
5589 9792
6315 9389
2216 6440
1515 3851
1585 6575
5836 8003
2233 9511
7580 8360
729 3673
8480 9578
2458 3741
2216 4486
7132 7641
1739 3463
5525 8876
8689 9051
2458 7808
1739 3741
3970 6757
5836 7817
4806 5178
6449 7662
376 7150
8571 9051
150 3098
6332 6803
3970 7906
3504 8409
249 7300
4806 6487
1781 9316
6644 9796
2949 4658
1781 4532
1842 5104
6644 8536
965 1499
1640 9523
185 4545
2109 6476
835 2927
501 3335
6644 7292
3504 8135
2458 4942
3795 8536
6487 6757
844 6762
5836 6644
4635 5959
4806 6644
3348 7856
2458 7177
185 6784
