10000 10000
9546 9848
2709 9919
2353 2531
4354 7234
722 1025
3016 7585
4435 6455
5809 7887
7698 9723
2473 8571
7498 9162
4500 7463
4140 8580
3640 7834
716 4850
199 2136
1276 3148
2979 5413
7465 9595
4207 6252
3353 7684
6235 8531
113 5900
8315 9667
3024 8247
334 1813
3373 9837
8638 9811
2587 5286
2076 9762
1019 8064
4734 6772
349 6392
5669 9519
2523 6489
407 1070
2525 2814
862 8447
1529 2859
3989 4811
2060 4066
1950 2114
576 4107
1436 5532
958 3364
1039 10000
581 7472
3012 6005
1022 5689
6323 9065
2298 5905
2001 6391
4489 9262
648 7898
2161 9039
234 5040
2806 8117
5552 7540
4778 8761
4020 7828
4240 8110
7246 9324
369 7037
3477 9528
4482 4816
4222 5601
99 6610
2954 6870
6226 8212
4035 6933
1071 3307
7608 9761
5608 7289
8989 9385
3011 9021
3379 4991
885 9709
2589 5733
3725 5480
2981 5257
2455 4753
1996 8487
62 8325
5370 5495
1793 4526
9004 9741
2697 7979
5516 8072
779 8910
2397 4096
6206 7622
3954 6889
4416 8177
4427 9801
3464 9511
6739 6985
3654 9394
7203 8816
652 1080
5502 7993
1681 2943
2840 8606
4379 9811
1040 6946
3265 6546
5153 8971
7513 9253
36 7850
5877 6594
3452 8752
6050 7378
1169 3624
7421 8090
2676 5189
324 7707
3944 6297
5709 5956
3214 5467
973 3182
4363 6636
2805 9939
49 2869
442 5951
4474 4526
3032 7540
312 1434
164 584
2785 9375
8341 8550
9005 9218
992 2826
6935 9997
6566 9476
5889 9671
1272 6220
717 1168
1727 6384
5113 8191
2311 5722
2977 9742
2825 7148
4292 9739
4822 9972
2507 6814
2526 5430
3697 8594
4988 6819
2237 9540
1299 4826
3681 5859
5149 9509
5032 5969
2047 8734
9508 9976
4649 9420
5460 6272
838 1581
5236 8743
643 8083
3618 6862
277 5225
5928 8896
8036 9140
491 9774
2412 7886
3124 6054
7008 7288
2333 8091
1199 1427
2899 9927
678 8146
876 7052
2000 9156
238 4739
3613 8745
5589 6823
6534 8798
2153 7590
2503 8147
775 5578
9463 9495
1489 9006
1027 5538
1141 8502
2934 8565
4788 4813
3185 6444
1376 8569
250 9933
2957 8375
9829 9903
2021 5546
5159 6943
1993 9102
1643 7433
4143 5142
4943 5081
5607 7802
5577 7514
3740 4884
3394 4895
2723 7127
2094 6608
2264 4087
533 9248
6972 9206
4340 5464
4822 9816
471 6735
1188 2466
3695 5966
3001 6615
6117 8979
2372 3466
8218 8668
342 4771
8094 8778
3919 3990
7858 9814
2944 9951
7534 8163
669 8111
5461 6765
1818 3847
4677 8148
4232 6519
3767 6517
1601 5698
1539 8895
2780 7387
2044 8719
662 1777
2727 8559
1984 4249
4387 6286
1844 8003
3139 5994
611 7243
3093 5778
8030 9467
650 9675
1331 6006
2687 6334
4363 7523
1352 8470
6023 8228
5333 7634
864 4636
2811 3712
5893 6737
5834 6582
2793 6939
32 226
565 8306
4257 9669
1237 9606
3609 9457
6680 7494
4589 5390
4292 5408
2000 7241
6349 8835
528 3387
3205 8751
2021 6474
3233 3546
1052 2036
1638 8503
124 7427
6084 7137
4691 6394
271 9563
641 8903
878 976
6079 8901
70 1460
4206 9306
3737 9430
4413 4443
7309 9315
891 4669
2374 6841
2922 8002
3502 8947
1011 3269
3636 5424
3053 8849
2103 4187
7255 9212
3013 8448
3075 3959
2589 3819
2309 6704
6095 7844
2155 6738
2337 9850
3100 6774
1593 1833
4759 5150
8946 9792
4104 4528
7482 8731
2331 9520
251 7385
1977 7615
1704 3020
1519 7475
925 5509
2922 6222
2393 5157
4656 9127
258 9567
1252 5332
3762 9291
1373 3991
2023 4157
5094 6301
1151 6041
3351 8234
4567 4976
1533 5075
5841 8634
4497 7726
7874 8162
2749 2765
2017 9086
1461 7074
540 5911
3239 7418
482 8945
1750 3676
1292 9901
2680 9124
1032 9216
5448 6207
268 2189
176 6787
4615 6867
1653 4508
1652 7020
2430 8618
5141 9131
645 5755
7154 8858
795 6705
835 7266
2151 3596
1888 7782
501 511
96 4203
3 1526
1455 7324
3943 8850
8221 8772
3339 8052
3816 4204
7142 8113
8417 8648
1568 7547
237 7581
3877 5975
463 9200
102 879
2072 7196
7776 8625
2946 5468
1512 4044
4531 6120
3448 8637
7072 8008
4400 9051
4130 4800
753 7808
480 3064
6124 9115
2853 6747
7918 8359
4083 6258
2316 5095
2145 8973
6039 8298
1913 4048
3969 8012
5352 9199
3504 7118
9266 9758
1802 1979
635 7133
753 3367
5820 8081
7656 8891
5788 7570
2135 8524
2776 9601
5244 9971
8822 9282
2447 3317
5550 8245
751 4829
3286 3314
133 5285
7931 8942
143 1054
332 7328
2484 4886
3067 4608
1053 6014
4120 9633
4484 9098
883 4918
2880 3021
791 7006
8341 9543
5231 9833
5227 6654
1011 9798
4102 9686
1761 7587
1282 2431
341 804
4297 8711
5075 9838
7485 9755
7794 7816
264 2247
7396 9825
3392 4632
244 4351
2069 2622
1660 9600
520 2306
513 7616
2338 5874
4574 6221
1058 5054
5721 7279
1006 5634
3484 9605
2567 9239
5436 8845
7184 8437
2141 4627
229 9300
478 1560
672 4265
5556 5563
2574 5680
1265 3741
3556 8768
179 1314
2599 8742
6630 8782
6064 7478
5275 5404
3067 8156
3209 3890
3361 8366
2732 6576
932 5553
204 3393
5713 5840
2807 8713
836 1204
8510 9890
708 2031
3973 4546
6215 7381
3605 4724
861 6940
431 6967
5625 9591
6037 8626
349 8141
6440 9443
5785 7940
5640 8957
2380 4710
890 2386
1999 2404
1051 2310
4280 9227
4837 7386
2171 7292
3326 8510
5176 7161
2142 7530
1629 6409
1500 6664
2248 9583
7532 7543
5597 7162
1506 5143
1503 6349
4214 8094
6618 7416
5441 8514
2097 2860
7953 9361
4285 5876
5969 8818
2035 6410
2976 3784
1050 9131
8349 9956
6820 8851
1339 7213
4933 6532
4513 9013
2888 5361
2332 9606
1386 2105
8936 9866
1965 5952
750 2371
3374 4316
7285 8253
1453 3157
1680 2873
7281 9824
6848 8146
9057 9325
5579 7469
2539 6008
306 7988
4361 5080
3155 3775
4774 8933
508 3477
2175 7084
1096 6246
2411 2473
7605 8629
2066 4872
4584 8277
123 3647
4200 7845
1133 3899
1986 6539
5867 7404
1862 6242
3899 5270
6591 8196
6202 9379
988 5588
100 6176
4414 9664
700 1114
84 2989
3131 4144
5848 7564
567 1273
82 9868
5872 7138
5208 8463
2965 5752
921 8078
5731 8288
5498 5656
5028 8652
414 6830
2576 9389
4436 5904
5255 6635
2813 2990
6524 8028
2216 8234
4683 5568
3036 4990
6859 9569
5155 7004
5538 6506
5240 7779
2225 3142
4968 8669
2131 3354
2616 8679
2387 8801
3682 9904
571 7755
72 6505
706 1407
2909 3458
1100 7150
5047 6124
3551 5647
1209 4699
5601 7699
6900 9163
3607 9791
3848 3883
2410 6389
9135 9360
4209 6887
1093 9250
614 5857
2112 9966
971 6516
4225 4275
4432 6484
5780 5992
2198 8317
2592 3446
234 5852
1057 5732
5659 8493
85 8787
2838 5877
1439 3501
131 5235
2515 9096
6041 6956
2518 7781
2501 4254
1881 3490
3256 7541
1342 2386
3854 7774
2872 9052
2293 2969
6753 8863
741 6962
8006 8693
1459 3324
6909 7559
132 4281
547 623
144 7687
3618 7737
2432 6926
1616 7329
3022 8696
1694 4452
4945 6768
427 8192
1890 5378
8551 9767
5801 8474
9350 9475
2725 8229
4089 9384
3828 6082
529 6792
3396 6700
2995 4119
1048 5099
1328 5453
5065 9003
4287 4558
8335 9571
2733 7241
832 4208
4714 9105
4863 5376
958 3872
3438 6344
896 5061
2552 8181
2573 6479
3516 8831
3551 4155
3062 5537
4881 9348
300 5738
556 9008
7381 9255
3643 8576
1534 7668
607 8025
1949 5353
924 1974
2929 4505
2607 6506
1021 6786
323 6622
6491 9872
1328 7283
236 1891
6154 7064
2406 8718
4157 4898
78 2037
403 3310
2451 7751
8545 9733
5484 8363
4541 7894
5122 5853
2396 7044
1626 9758
2234 7822
1837 9260
2550 7569
3385 5699
6459 8801
6824 6938
5362 8549
2464 8886
2138 2238
7605 8382
5950 8676
8496 9776
5352 7294
4376 5768
5859 7577
3419 8756
3600 8399
7875 9613
4814 9136
2315 9529
1755 4226
5679 7515
3261 3606
2500 3928
1213 2103
500 3948
1727 2329
8005 8950
523 8999
255 9929
615 6065
4255 8124
3291 5507
268 3838
5733 6793
5001 7724
1481 2867
7847 9869
66 590
8497 9286
8429 8855
7159 7810
1853 2826
2689 5520
4398 8304
784 4759
554 2524
1399 6799
931 6044
3418 9562
691 8832
6470 9594
2752 6835
5898 9778
894 7177
4192 9399
2003 8340
5554 9308
5756 7780
1111 7367
3586 6170
4135 6849
5445 7972
3368 5382
2632 7959
7252 7340
117 4170
2851 7593
3250 8666
7223 8220
2486 5666
7214 8400
4385 6555
1037 4629
6648 9004
7551 9197
4345 6627
2180 4523
4688 8550
3614 8238
889 5132
8726 9500
2893 9145
3507 9415
3393 4960
4545 8458
2907 4904
6132 6311
4481 9544
9035 9782
1555 2600
9634 9780
1845 5498
6509 9690
1107 7425
5191 5873
2618 3581
748 6038
621 1756
4864 6788
990 3342
9319 9932
3453 6285
6907 8042
6097 9067
3459 7291
2992 5423
782 6165
3144 7974
8941 9924
1253 3696
3464 5865
5828 7026
712 8453
5988 8328
75 952
2861 7582
364 3078
3878 4333
4931 9912
1906 6313
5763 7349
1331 9137
4756 6901
2998 7373
1458 7173
4833 8836
1039 8744
3488 8963
1828 8195
492 3172
3360 7957
2642 8741
5522 6109
4406 8693
64 6903
203 7508
1884 8844
8101 9349
1903 8511
3532 9200
3590 6457
2615 5392
4034 6912
891 6576
5298 7105
1862 5219
1094 6136
7625 9513
4885 8581
8777 9391
5679 7496
4862 9717
8158 8380
356 2856
3333 3935
4844 7223
699 3891
5151 8196
439 1517
4716 8574
4275 6753
287 5470
2519 3303
3707 4779
6289 6756
5687 8618
4068 6685
2659 9382
532 8287
7339 9558
5903 7574
2252 9439
4409 7337
1725 7539
1303 8960
82 2657
3005 4003
4410 9829
5700 6427
4992 5911
175 4998
3474 8354
3403 4876
792 1397
2878 8150
733 9466
1565 5020
690 6667
6467 8609
6716 7626
3964 8951
687 4901
4416 7394
4969 9644
43 5990
3350 5686
1909 9262
7024 8918
1919 8772
1860 5172
1958 3481
6917 8362
4975 7437
849 9854
608 3601
7073 8922
3930 6010
4899 8781
3833 7186
3487 8204
2331 5811
4978 7274
60 2148
6752 8604
2276 5077
953 9518
4794 6770
1964 8047
692 1967
2364 7277
6532 9558
7082 8722
1653 9990
1807 7014
5996 7659
4928 6773
4458 5415
6317 7336
125 6056
580 2553
3186 9014
7557 9351
5448 9502
1468 2936
346 7749
1961 2734
1700 5569
3421 4963
2491 7604
2709 6299
2916 5371
498 4449
1630 4468
1115 1136
1251 1978
3262 3277
3211 4371
4626 8899
527 4520
361 8554
4667 9294
4193 6103
8389 9761
6734 9414
5385 8966
1419 6748
142 6236
3610 5433
5777 5963
3379 8492
3717 5806
1063 8534
7601 9141
928 6216
3638 6452
9095 9148
7186 8976
5185 6759
1358 9153
4313 9449
2270 5356
942 7539
1372 8075
3533 4195
3776 4758
4471 9015
161 6325
2098 5074
1020 6237
20 8927
1121 6803
808 3626
1908 9335
1730 6174
1535 9963
7690 8010
2777 8535
923 8859
612 5454
289 4308
3760 7771
5104 6890
6372 6949
1733 1775
2211 2595
2662 7963
248 7865
4302 6437
48 3234
4455 9088
5469 8762
4616 9665
1300 2145
2213 9819
263 4810
1770 3917
1397 3203
552 5520
4301 9682
5964 7603
3637 4009
3639 5093
786 9813
592 5523
373 4481
6996 7709
6543 9318
4870 9828
4 8485
5032 7521
1865 5957
2211 7561
1266 6868
3343 6288
7305 9106
2079 7128
1784 3692
3895 6693
5449 5988
4713 6199
7847 9935
1326 8085
179 1108
5805 9214
3524 7710
8294 8774
7470 8208
1277 5051
1696 4056
5794 8912
141 9372
4501 4946
339 3010
3661 9393
7474 9401
3581 6437
2018 7389
3358 7870
2209 7256
4069 5158
4735 8532
5345 6666
1 1773
2651 7335
2540 2958
3826 7597
7680 9479
2102 5240
4015 8723
895 4657
494 2534
2656 4635
4337 9594
2456 5117
2895 9547
1855 8130
9116 9682
644 6511
474 3099
353 761
8727 9635
3335 3981
51 3917
502 3195
9362 9610
845 7089
6844 7261
6157 8377
424 8286
2122 5901
3769 7319
528 865
4307 4741
4374 7305
4392 5959
4018 6123
3788 6387
306 1518
1549 6869
61 5907
6797 8431
4100 5613
5851 8469
562 9536
1883 9041
7014 9377
1711 8305
1613 8882
32 4811
7900 9887
3700 6824
6652 7501
2532 8063
3664 4726
707 5127
3550 4585
4983 5580
6844 9955
933 6043
3109 7066
2520 3990
505 3889
1989 4475
3704 9451
4683 9174
1763 5404
1424 9950
3244 3459
6730 8832
1635 6087
6667 8785
2196 6473
2127 7408
3050 4744
3310 6684
4600 5912
4626 6764
1803 2672
5130 8635
4230 7145
3693 6048
6149 7637
7424 9263
3519 5572
6122 8031
1798 4643
3505 3526
2063 3243
5717 8608
1041 4152
1548 4360
5452 7061
2164 5039
1620 8133
957 9876
2015 2966
5065 5170
6223 7889
1448 4671
882 9931
814 4166
1571 5212
2060 7374
5643 7019
155 7338
4437 5148
7282 9232
3978 9000
3669 4086
3205 7076
2453 3435
8570 8769
1550 5630
6487 9834
870 2015
3242 3953
2578 7912
3501 9616
3845 7193
3577 7321
5486 5773
3410 4356
6560 7548
3161 8268
7153 8208
2757 7785
3730 6775
6750 7008
35 7160
209 9117
884 8866
8535 8570
6851 7788
3968 8549
3424 3814
1359 1600
1383 8186
113 2643
696 9194
8180 9607
4982 9804
354 671
7256 8502
703 5245
5586 7934
810 8660
4248 9512
2233 8021
4145 7161
154 9667
6188 6718
4767 5738
4521 6718
4236 7971
5722 6356
7949 9037
6055 6857
1264 8306
7112 7326
7794 9085
4891 7800
1718 6733
561 4793
1818 2874
2530 8708
4169 7034
5737 8249
4664 7009
5165 9138
7670 9336
2106 2559
1744 2906
3369 9412
1000 8368
529 6193
6091 9926
5000 7248
395 5494
4312 6811
5450 6627
2055 4937
6094 9030
2557 9604
4280 9573
2550 2951
2273 8620
331 3412
2178 6712
1634 5754
2499 8974
174 9099
3527 6161
2487 4808
2593 8677
744 3511
3606 3644
7464 7941
2166 4043
1475 9323
5524 5747
516 9271
3454 7930
1128 8991
1240 6982
3286 8760
1852 3058
1938 8626
7492 8737
1974 5676
481 8260
1988 6783
850 2467
2769 8779
7493 7929
2566 9804
2203 3844
6031 9935
2398 4732
8595 9267
509 2221
1085 6553
3980 4429
1246 8494
45 7493
4955 6488
2416 6255
272 8919
2374 7635
422 6656
4434 9736
1394 9437
1142 3508
5880 6934
1139 9429
2980 4155
1147 6922
4498 6438
3594 5010
1353 3406
726 4461
363 6616
5554 8075
2120 8935
1850 8593
542 2137
558 5323
265 5489
5455 8988
4420 7696
2164 5047
7515 8929
6757 7424
4057 7848
5309 9052
8780 9274
2781 8928
777 4489
2067 7018
1831 4804
1564 9941
236 3285
1543 2801
4213 9703
5196 8430
7665 9107
4316 9617
4535 9434
4909 8406
4518 6863
2378 8815
2228 6066
1290 7314
4472 9356
8445 8783
823 4025
3158 3332
767 4807
4659 6441
687 2297
872 5501
2089 7370
2143 8200
8497 9824
2034 2663
4427 8301
8237 8369
1885 5783
7330 7743
7904 8784
427 2788
3843 6151
745 2091
22 9690
6 27
4201 5337
5202 7807
1848 8260
1033 3122
2116 3614
6536 6929
794 3870
6516 9512
397 8865
2107 6695
2132 4770
1104 8068
6168 9093
4509 5978
3189 9993
7630 9721
7606 9357
4621 4815
754 8386
5559 9182
1378 3105
1893 4413
1294 7406
4849 9782
5590 6501
4869 5576
5239 7766
1585 9974
2874 9314
1640 7877
3656 5910
1243 7868
3397 7784
4575 5982
5221 8976
7157 9818
4028 7864
950 1760
2437 7829
8126 8981
1144 1227
7390 8073
3461 6559
2899 7118
277 597
2048 6512
3154 3314
71 4803
1687 4105
699 8471
2868 6668
2330 2407
206 9983
825 9930
3998 9105
1178 1562
487 4995
1238 4122
2054 3791
4163 9146
1419 2363
1713 9180
2712 5147
1130 3288
1683 5394
383 2797
1422 5636
249 4624
1682 4865
4064 6278
7736 7770
682 2430
264 3617
7595 8297
7597 8539
3015 4879
1436 4379
2499 9828
4833 8724
5036 8293
4064 4909
2832 9919
2983 7588
5458 5476
307 1876
2858 9066
2068 5675
2856 8872
5783 6709
1621 6912
1701 5338
2930 4303
6427 9459
5257 9208
1605 7410
6715 6754
2812 9988
2581 5579
3690 9006
673 1513
5059 9165
253 693
267 2864
6060 7792
3066 3921
4457 4743
935 2420
555 5605
4529 7239
8176 9834
317 2192
3536 5612
4957 6316
1633 8883
3145 9832
897 3805
2305 9841
3112 8961
4324 5406
1688 8854
846 8013
5062 8686
6126 8685
4705 8378
7422 9225
464 4449
7681 8653
1850 4118
3727 3867
90 5805
5719 6212
5263 5993
4876 8997
6771 7298
5410 6406
3019 9749
5979 7777
2704 9091
4352 5677
2707 7598
4591 5101
4568 9236
3786 5114
4442 5903
491 5622
5426 8562
3377 5084
2426 9175
1747 2486
2879 3212
2775 9404
1584 5249
362 5518
4099 6240
2719 8775
5800 9049
4286 8131
7401 8938
3603 6621
3748 7863
2677 8566
1469 4570
2698 8477
3322 4137
853 7167
221 9243
2029 8501
1106 4243
5895 9073
5513 7716
900 4944
1388 5334
828 2464
2184 5481
1416 8212
2416 5490
1349 1609
919 7706
1889 9849
3344 9603
2084 6107
6416 6683
3587 8543
798 6336
480 8536
1625 9358
4101 7553
5488 9974
8885 9875
1611 8881
4670 6184
6081 7775
2163 3579
1607 3756
5626 9705
704 2415
1125 8725
5782 6958
5966 9904
7880 8156
1477 9302
5766 6582
1335 4346
2517 7103
98 4366
5915 9881
4608 6833
3346 3573
2358 5702
5629 9473
1275 8478
5228 6020
2359 9658
2229 3229
4198 5229
8797 9705
449 5551
987 8261
6163 9707
2778 8480
1072 4021
2427 4178
4522 7619
365 447
6205 7067
38 720
1052 4266
3806 5813
127 4082
724 4875
963 3492
5512 6674
6013 7007
1387 3469
3250 8607
3334 9482
4290 6648
6448 9417
666 969
4348 8861
116 9625
3365 6118
6270 7040
1806 4662
5884 6564
2590 7692
803 7852
3653 7558
4990 8311
4816 9984
2497 4211
1380 6758
507 9147
4100 9090
590 7218
5312 8284
2554 8602
39 9752
93 2591
6639 9179
1965 3309
4002 5236
5090 7557
2113 5745
1846 9375
8363 9067
1366 1928
3394 9387
8074 8464
5359 7651
1863 5621
162 3090
1449 1578
5930 7591
1465 3089
2417 9954
959 1151
1392 8556
8125 9183
3887 8771
950 6192
159 3578
1261 5114
4936 6483
3869 7441
314 1819
1569 3655
2371 8955
1145 7264
1526 8452
292 9455
112 1105
406 6967
715 6358
756 1409
8050 9192
1563 5963
997 1401
379 1604
2011 4051
1792 6210
3546 7884
9642 9774
6537 7240
3059 8393
3545 5078
1939 7043
1159 1257
3558 9103
3396 7403
1138 1684
566 8557
5004 5365
5437 6402
7330 8636
384 2949
1958 9490
2242 7686
7428 8054
5885 8250
6004 7722
1333 1680
466 4722
1485 5483
5136 9703
1902 7516
394 9527
6517 7384
2823 9714
3317 4701
3675 7081
3123 3455
136 1733
855 9961
2825 8446
3164 8585
93 7944
2220 7989
5939 7188
3043 6204
2014 5999
5547 5557
1662 2276
2039 3986
662 2746
3023 9233
1360 9000
944 7868
2493 4729
2049 3635
475 9991
3955 4550
445 8236
910 7766
3708 5343
4586 7183
2691 5451
1098 9784
4113 6009
482 6883
1203 9629
4237 5431
1265 7553
3542 9952
3810 8892
1110 6134
6218 6373
5306 8504
2348 2618
233 340
1268 8545
7025 9045
2482 4040
8980 9927
1152 5685
7555 9438
3535 4149
1330 6703
1803 7386
1244 1325
5331 7032
4368 6296
1838 8356
3615 8011
2169 4699
2582 9320
1042 1249
2652 3225
3305 7886
1512 8127
654 5209
2701 9408
2251 4268
5326 8968
1382 9409
6760 6955
284 8653
1259 8904
1123 6918
4969 6131
3809 6329
245 1179
6780 9448
3418 9283
3620 9263
5239 8195
4246 6088
1024 8475
4360 9021
1556 8188
291 4463
2073 6640
1959 6823
10 3266
1788 9574
5120 6306
1851 7694
1750 8605
5751 8014
3345 8473
1149 1415
6488 7813
2340 4785
4086 5954
1967 6805
6633 7107
4821 5339
3597 5201
149 3200
310 7697
6769 9223
8748 9554
3953 7188
1457 8399
160 7811
152 6740
975 1877
3335 9510
3820 6182
524 749
1783 3475
4731 8694
6496 7620
1856 5842
7082 9046
6525 9729
4782 8071
1496 9990
124 5238
3080 6778
137 3064
2456 2802
8558 9483
7783 9933
1485 5657
2368 7685
419 4404
1337 8376
1687 8449
2565 9268
2027 3589
1614 7398
1345 8874
3774 3929
4371 5414
1191 3007
3558 6244
462 5551
869 8900
412 3095
2323 8100
1090 2721
2366 9617
6274 8077
3371 4154
5627 8681
14 1847
1602 8370
2175 7990
579 9830
5505 9279
1137 5803
2304 4744
1726 4448
4014 6139
4840 7948
1902 9241
58 3604
6011 9251
1474 9496
7401 9497
6793 8409
4163 5038
754 6295
1832 9815
413 1347
1562 5188
3337 6732
7478 9323
4887 7894
3492 8499
4172 4506
3417 5544
1674 6106
404 8812
542 7660
79 408
4561 8183
618 7005
215 2932
1160 2738
2643 4305
3273 7673
3928 4229
3332 3972
472 8754
5026 7033
1443 8965
874 8173
4165 8227
2722 4380
5216 9614
4775 7811
637 2663
4690 6884
4396 9532
537 8303
7117 8504
2427 9226
1952 9479
2978 5268
4661 7472
633 4560
2269 3678
1915 9492
370 2051
91 7015
1284 4447
6217 9464
6255 8699
4565 9488
5719 8993
1570 2454
6134 8249
101 8355
2382 6995
1836 1944
90 2800
1728 9048
9339 9751
6603 9846
3380 8561
6357 7927
187 1293
2109 8071
706 5497
2095 3996
2045 4440
2746 8842
3465 8603
1005 5778
2298 6939
4458 5503
1394 2288
3674 7010
7135 9913
3395 6675
3084 4030
137 3318
3355 4186
7125 9929
6090 8730
211 3711
948 7893
1652 4349
66 3648
1715 4633
4746 8528
4182 9655
1473 8342
2315 5209
3479 5310
6548 6700
6105 6369
329 9562
4283 9907
1498 5253
1904 5370
2774 7340
6815 9159
3736 9410
3299 3627
3361 9987
1492 3710
4806 8065
882 2865
8590 9201
3386 5652
1797 9779
4075 8300
5610 7837
6712 7388
4519 6080
2565 6762
5567 9273
2530 5048
399 3564
2634 7607
3897 4712
1400 6745
5394 7737
3748 8823
2110 5169
811 5171
2292 5917
4655 6723
235 1340
440 949
2633 7924
670 9433
7970 8903
2045 8833
2896 7937
8893 9585
3517 6191
1166 2890
6520 7211
8095 8262
6468 9125
3297 3649
2065 7324
697 5616
9499 9538
5909 8815
2096 5882
2219 5220
2604 7544
2544 5900
512 3108
1433 7363
2563 9768
2564 7452
1494 1811
7934 8190
1421 7415
7000 7273
3328 9913
4834 8132
6766 8086
2523 9788
9464 9728
3573 6860
3279 6766
4691 4768
9 3766
5393 5698
3807 8403
7652 8729
2915 8271
564 9572
4577 4791
11 4912
5993 6663
7238 9586
1387 8435
5967 7217
7863 9077
6449 9579
5960 7871
3503 5303
4314 5199
616 854
5819 9362
2446 2763
1812 9050
6726 8395
6589 6862
5534 6179
2348 4036
7590 9284
1515 7347
7869 9817
1854 2817
3426 8601
533 1123
804 4623
2279 3684
905 6267
913 6881
4327 8159
710 4734
6362 8711
4308 8624
18 1049
7677 8448
162 9699
4883 8356
7487 7910
3574 7695
2807 7035
4916 7322
3837 7176
818 6641
1071 9843
5795 8288
2313 3080
4336 4603
2049 2200
6135 6686
711 4031
2918 5201
4846 8383
7627 8970
630 4433
1095 9553
1157 4666
2117 6225
2953 7655
3113 4197
3698 9100
6139 9912
207 1036
2302 6931
7789 8977
1776 8219
3348 5844
4444 8677
3247 4785
2482 4648
3497 5674
4602 7077
4491 7174
1179 4005
1283 9855
796 8596
5221 5870
6581 7140
4406 6364
119 2334
3325 3632
3440 7222
1122 1491
3488 8009
6401 8476
3193 7235
4853 7204
511 6592
133 6157
3308 6743
12 2924
4503 4560
1663 5207
386 4223
4270 5368
218 8728
239 8456
3084 7355
4940 7207
1560 4619
1369 9274
1723 2189
3155 9799
651 6960
7563 9364
628 9439
344 7842
4139 4641
88 6565
1618 2555
3077 6397
4080 9057
778 1922
4012 7820
136 4889
1126 9209
444 8179
5412 9819
4860 7752
739 5706
3219 8841
5096 9744
5154 6322
338 5005
6948 8222
443 3109
2199 3560
570 2422
3804 5384
3357 5024
1952 2262
5635 6044
3633 6527
2086 6568
128 3442
2313 7545
1376 8070
1069 4776
2419 4131
4185 8505
2817 8091
863 1655
766 7850
6158 9687
3575 4318
4919 6435
1835 3018
1624 4948
2645 6545
3268 6188
3044 3623
3226 5682
3362 9946
1866 4420
5793 9178
6569 9114
1912 7921
1247 5812
2851 3091
6221 9620
2116 2139
6781 7722
5437 5614
4895 8076
2433 6189
1816 9984
5311 8817
7592 8274
3565 5311
4511 4610
4710 7846
4840 7019
2609 9942
3901 9173
5364 8053
48 3461
820 8560
3489 8471
333 6129
111 2137
3943 8827
2514 2972
2061 6689
3147 8509
5764 6443
1732 5182
1775 4053
6440 8611
4902 5797
900 1689
1236 9290
3389 8866
4764 7838
3562 6843
2913 6816
5983 6121
3416 8068
4081 9448
2753 3132
2656 6969
791 6253
1814 2812
1131 5287
3267 8953
3982 5989
24 9380
1023 2912
1346 9632
2194 4661
294 3972
4432 7961
9436 9731
7267 9531
2468 6895
3951 8599
6798 7134
4074 7327
4673 9994
3792 6472
2232 7480
3885 5364
4696 6986
3903 7651
6398 6759
225 8157
2540 3348
1836 8218
5128 7753
2033 8245
286 9251
28 4536
6234 7849
7524 9485
5008 7187
6905 9104
7769 9171
3887 7713
2987 6805
1536 4212
2448 9845
1229 7327
8126 8825
5135 7284
1307 2254
551 4706
4798 9731
2004 4618
2002 2241
2139 7905
2213 2762
5954 7789
2243 8227
746 5193
3015 9419
2190 8122
3824 7313
2731 7473
2065 7686
4780 9409
4021 7499
461 4395
5555 5886
5617 8614
7701 8020
6209 6898
663 7080
4674 9733
520 6874
6318 8591
5943 8044
1703 6684
6069 6783
6882 8939
1017 1513
2590 6008
1827 3277
2593 8060
646 4464
4845 9275
1140 1417
1830 9827
1122 9460
3311 5402
2747 7780
4853 7414
4212 7584
3411 6347
5304 8116
1325 1464
875 909
1739 5319
2753 6850
1055 7798
1754 3471
8440 9392
348 5709
1801 6961
2308 6768
8739 9980
4644 7097
4039 4217
4970 9948
8259 9822
5642 9754
4365 9803
1006 9332
4808 7642
3380 6304
4426 8355
7891 9369
2513 5477
1129 7106
5753 7369
790 2980
1008 9342
1679 5504
1217 2490
715 1431
671 4213
5310 8661
1830 3166
3747 8424
393 9905
7417 7654
2019 4923
7250 8817
2173 9088
4642 6436
1929 7065
5756 9501
9618 9710
1774 7232
2722 8254
3521 7958
8042 8878
7851 8890
5534 6145
6388 9638
436 9916
1064 5178
196 550
1182 6647
1197 6982
320 3229
1667 3476
8553 8671
1490 8134
1688 4537
4439 6558
6143 6997
4409 4754
3367 5847
2094 5289
1154 3425
8412 9256
5602 7895
9513 9521
8153 9030
692 4385
446 3764
1598 4398
1956 6699
8043 8852
1665 1929
745 7402
1643 7055
532 5543
1879 6664
3995 6974
1685 4772
885 8948
957 1982
3624 7608
8491 8723
1446 9143
2240 6669
605 5085
3177 6817
2680 7263
8913 9209
3402 9023
1107 2224
3876 6377
658 6021
6601 7262
2612 9889
8577 9730
6369 9896
1228 9554
1829 7332
140 7890
2517 8799
7839 9478
807 3793
6626 9522
6771 6877
5198 7819
59 2428
2932 3092
5118 6365
1763 8828
3228 3646
265 7480
1350 9795
6094 6177
7261 7489
2258 8508
647 2506
5673 6986
572 8582
941 9790
1592 2154
4571 8482
5651 9801
3422 6027
5468 6281
7209 8415
3602 4061
4328 8445
4258 5417
2176 8239
1486 5388
2210 2828
4014 8855
6948 7362
8548 9630
948 3594
8191 8988
3177 6521
2128 7636
4552 7099
1757 2267
3667 7379
9033 9639
184 8749
1013 2748
3703 4551
397 9191
4799 5182
1603 9260
3483 4338
7974 8425
2059 7734
1771 9523
2434 5044
12 5336
2268 5044
6568 8457
367 4755
3575 8194
3739 8572
256 5231
288 927
4394 8001
3248 8949
5757 9450
193 5326
2050 5482
57 2718
171 1420
2604 5472
8045 9267
5366 7135
2974 9940
7106 9734
4643 7426
4939 7213
5349 9486
3808 9396
2245 9592
4499 5785
5206 8019
1288 8791
6018 9129
4660 5278
5584 9579
5306 9041
2608 9996
567 7996
1552 9366
1797 2184
513 2393
569 5810
2454 5007
1309 1932
8888 9515
336 9275
7069 9338
5973 6657
5543 9790
7430 8334
1425 6393
5244 9858
1666 5875
3786 8538
223 2281
1786 6870
510 1313
1158 9492
2813 9089
1025 7363
1822 4383
5743 9493
4971 6407
4985 8465
1053 9657
1525 8820
673 5914
6596 9608
5392 7348
765 7132
7845 8065
395 1191
764 1854
2808 7202
7438 8285
1210 3378
2243 2820
2556 5618
3170 9924
1702 9999
1242 2247
936 3877
3871 9789
8067 9142
7254 7746
7529 7704
4542 9276
7678 9034
2230 3820
2101 9810
3484 7650
1367 4908
5131 5328
2423 6114
886 2635
1569 6966
2661 4662
6681 8370
2875 8534
1155 4156
6932 7291
1060 2846
5924 9663
1656 8043
1065 6910
2284 8623
432 3455
4888 8990
2682 2886
7611 7690
5585 6028
4221 7384
273 5609
1884 2792
1021 4499
6864 9696
2630 3087
103 3892
9624 9659
173 1378
6113 6391
2974 3838
2215 3265
620 8025
6677 9181
6077 9364
5619 8684
5037 5985
4306 9869
2092 2640
1420 8750
159 6554
2657 8450
1933 3939
5177 6879
7728 9278
2518 7941
4108 4728
7323 9969
1721 5848
305 1338
8121 8387
1150 5902
4076 4225
6913 7382
5302 7454
4845 8707
2115 6980
3640 7806
240 2779
6158 6607
6609 8518
3199 5728
927 2179
2960 9911
3149 4738
3242 9961
1447 3988
3098 3129
5087 9732
3735 4321
4706 8789
3103 9522
8113 8955
838 9407
646 7727
2365 6847
5372 7716
2077 5569
4506 6800
1943 4640
5048 7832
3390 3766
2235 9575
2283 5688
2791 6333
2465 4013
2039 4485
7521 9246
525 2478
4707 7245
2031 6904
2506 6561
3987 9978
4178 6261
6281 8977
4977 9245
1469 6610
1621 2962
4882 7449
178 6660
2912 3510
4185 6566
2144 6567
6460 7639
1788 1933
2217 8607
6934 6981
8364 9545
7276 9694
195 3611
802 2271
1791 9292
2143 9009
645 8459
2135 3133
4930 6140
2605 7278
2208 3128
188 8382
1211 4008
5098 6902
899 8986
7638 8537
3522 5741
931 4287
358 1341
2828 6257
4148 7303
2461 7021
1892 6331
755 8066
243 7428
2170 9363
3688 5082
4397 7230
299 9723
1099 4917
5258 6312
122 3188
5078 8017
1527 7669
73 5217
1334 9710
1709 1909
4262 6678
2183 5865
6119 7754
4171 5395
3255 9552
3849 8323
852 8273
409 7878
5021 5254
8350 9934
4112 8046
4973 8183
332 5920
6337 8664
625 4281
1557 7491
3985 7641
4919 9963
1768 9894
1699 9285
252 4757
4245 6374
219 3970
1029 7109
5125 7169
74 5329
3060 4480
7395 9212
1255 5174
4817 6827
3055 3809
476 3012
1738 2078
7041 9203
4435 7516
4009 5129
438 3480
9119 9213
1234 7198
4223 4352
4259 5700
728 6941
1009 9265
6626 7841
5091 9215
1279 5431
232 4700
3071 8982
5190 5191
5014 8050
7454 7809
227 4002
992 3191
3874 6686
4019 6181
6845 8515
3443 6540
2489 4210
2481 6118
1802 8718
4587 7508
1396 8778
5887 9306
83 9640
1587 3364
6284 6994
5998 7214
4162 9053
1898 8984
3651 6075
242 2727
3338 7168
3183 8565
4922 8213
3124 5385
3472 8568
893 4682
1520 9228
729 5121
1649 9167
1672 8906
89 6001
2208 6682
1401 5947
743 9681
526 7771
1997 4236
1924 8720
4956 6707
2058 9442
719 1920
8770 9012
4343 5519
3028 8140
5178 8273
5004 7762
1871 9736
2627 4207
294 8681
3182 5356
1574 1588
1121 6036
7057 7237
5149 5511
1977 6301
2664 5076
5066 5833
6736 8020
594 6147
1225 7307
5095 5548
4393 6009
2655 9835
2847 5192
543 5373
2301 7382
5056 5225
996 6363
8487 8807
441 4605
5465 5823
3829 4654
4367 7179
2717 4260
1159 8527
1903 4562
147 1153
7719 8659
1914 7038
705 2314
3641 9259
5485 9221
3276 3528
878 2237
3249 8963
7970 9230
915 5267
8211 9861
3003 7457
1365 3763
7172 7645
2850 9534
1201 7055
1793 6976
2839 5620
3189 9694
3366 6378
4712 8593
5121 7767
5180 8092
4300 6053
4604 8450
46 8746
3463 6964
8322 8819
1289 3665
1219 8076
937 6065
6332 8321
3160 4574
1982 3534
17 8007
230 382
5720 9196
1761 7203
4496 8418
3437 4293
4671 9398
4055 6104
4341 5853
2906 3540
764 5942
829 2095
4418 9884
2938 5186
2417 6670
7773 7820
2570 7356
4902 7359
477 9480
537 593
968 2320
1705 3979
1295 3595
5016 5145
3210 9279
5927 8321
6901 8887
5132 9376
2107 6653
3192 7367
3475 4070
1038 7545
1304 8644
3026 8574
4804 9556
833 3419
4024 5510
271 5850
4140 9947
3823 4029
521 7329
1208 9781
2976 5309
2513 9357
4097 6439
1766 8105
1779 6581
481 1614
2503 3039
1785 3329
2450 5850
5542 9724
6710 7212
3149 8779
4403 6879
716 4083
1233 6101
1722 3362
359 1180
3500 7612
808 1536
1704 3163
4754 6307
6300 9519
2229 7579
768 1234
79 4407
1450 3559
303 3215
6697 7201
1806 4862
8586 9453
3096 9641
4079 8168
1262 3830
7047 9941
1832 2470
2541 3409
3057 5466
954 7479
5386 9076
1734 8213
469 5466
676 6428
4678 4702
1453 1810
6604 7628
6565 9031
4894 4952
5506 6563
4196 7297
1226 5357
496 974
3938 7703
3228 6063
4339 9503
829 5664
1736 6477
3789 7296
5316 9611
6573 6801
1615 8537
4949 6840
4277 6288
3347 5072
3091 9959
2580 8924
7554 8994
1102 9353
6504 6606
8339 9942
1067 4941
3126 3530
8279 9406
1863 8759
1112 8985
8171 9965
1583 7470
3507 9118
1628 9852
1235 9442
2546 9971
830 7804
1302 4742
316 1771
5684 8692
3599 6459
1932 6254
2952 4839
1352 2017
2132 6617
6368 8069
37 4696
2432 4568
4339 8384
453 9768
1472 9144
5515 8798
6106 9526
4061 4111
1659 3027
1846 3854
6140 8387
5280 9010
5706 6441
2918 3728
2182 5119
1787 3902
2169 8734
1597 6039
5115 8145
2324 3872
4400 7029
5594 7084
772 3580
1905 7260
2069 6775
3351 9542
3254 5491
4055 9951
3090 4595
6276 8522
1000 5171
1545 2587
6762 8032
153 4831
805 9848
2685 4111
5526 6496
6961 8508
2324 8232
4601 9397
1412 6173
3202 4639
6309 7342
3410 6923
3631 9445
5063 5123
3024 7021
819 4694
630 8597
201 1377
371 9944
3831 5918
1171 2070
109 742
641 8446
6993 7947
6247 9235
5926 8152
1218 3733
1568 3386
3746 8904
2996 9171
4538 7577
8958 9451
207 4783
3225 5317
1539 4144
2305 5299
3114 4590
1907 8992
6268 8421
7824 8736
4299 8389
493 9407
5377 9605
3150 9312
8296 9851
151 3237
773 1060
423 840
718 9992
3472 4037
2692 8008
1204 3812
1831 2330
5183 7483
576 3326
3207 6012
5083 8209
3178 3743
7615 8143
4193 6186
627 5118
1894 8662
4584 8591
2599 3828
7713 8115
686 8171
2250 7155
370 6772
3264 7946
1744 7998
4016 4296
142 1716
210 7216
5874 8892
318 1873
4882 9166
5187 7088
1293 3132
2255 3358
1286 9347
2239 3780
2 4171
3230 7770
46 1875
4843 9766
319 8332
292 9153
7744 9412
7192 7542
1665 7318
4164 9836
3403 6310
536 5715
5902 6944
4159 7988
4673 9850
3913 6972
3576 8641
1220 5479
6137 9925
6567 8625
1098 6141
8135 9312
456 5660
2696 6507
2881 3318
4857 5432
776 2803
3995 8895
4606 5714
7411 9331
1523 9648
2459 4830
1141 2016
7302 9743
8739 9195
8850 9576
88 3862
9508 9874
5495 9139
4512 7224
3655 8808
2646 4887
1882 8522
1412 5531
304 1776
2655 6451
334 8635
1500 9210
7450 7901
1590 9174
8122 8169
2390 6003
6060 8529
965 9150
4049 8803
3193 4601
2585 6551
1242 7085
2594 9633
5296 6476
3465 3674
5100 6790
714 4196
6084 9839
2270 3717
866 2819
6245 8649
574 1190
2945 2985
3658 6164
1447 3156
1221 8806
83 3478
5374 7654
5761 7528
5263 7740
1873 2207
4063 6266
1193 4376
6528 8568
1488 1627
7717 9367
938 4861
7312 7903
2032 8594
274 4459
6016 8078
35 5110
377 5497
6538 9821
5153 5648
1434 6873
3173 4347
6449 9825
6068 8165
3086 4298
5074 5779
1318 3052
1127 6542
1402 2158
1042 5748
6748 9708
4825 6654
3248 7881
1403 5067
4434 9285
4760 6849
1464 8374
6138 7440
8715 9161
198 1987
5860 7965
6147 8346
6336 9587
8258 9297
5696 7308
1916 7495
534 4953
2756 3006
5670 8034
4582 7549
1030 1838
1263 7276
354 757
2435 8252
3433 3759
2079 5363
1585 7168
4073 7326
411 1824
1738 5711
4093 5661
2924 9139
8206 9975
2786 5724
1737 9666
559 7926
1570 1631
1375 4967
368 1729
8210 8265
1807 6040
7536 7681
73 7116
1275 6014
3187 5566
4233 5109
7114 8079
558 3524
8849 9743
830 7058
2385 6243
530 3302
3441 5028
587 7935
3515 9793
3047 8333
5152 5277
4857 9612
3110 4681
2126 9750
5688 8542
2527 5995
1222 4058
2902 5937
8024 8735
1146 9446
3173 3688
311 1484
3274 5006
9099 9354
100 6015
1660 9797
8714 9309
9172 9802
8251 9570
3720 5989
4468 9111
750 3994
2406 4755
1133 1362
295 9702
945 1281
3287 6785
3074 8057
353 3359
521 4773
2414 6460
663 7909
2302 7656
2376 5976
1460 3745
5056 7920
6883 7812
445 7883
347 2884
2372 6120
6168 7436
4620 6171
2 6705
649 1918
8074 9865
1781 5825
7888 9193
3467 5802
1081 6062
2384 2688
4428 5789
1245 7502
8073 9322
7900 8381
6791 9998
6017 6323
6149 8833
4780 5710
588 9315
6890 8130
5889 9019
3650 7284
398 2389
1252 5838
4622 8210
9620 9796
7322 8022
2896 3432
4935 6219
5863 8242
2615 8354
7602 9017
4244 4672
642 2091
5288 9234
4103 6906
6305 8934
3952 7915
5938 9668
5898 8488
920 3863
2051 8907
5891 9243
4033 6463
3941 9193
3298 4018
5444 5766
2585 4782
7936 8481
5421 9552
2917 4052
4941 6971
4991 6888
1937 5124
5886 6922
813 1091
3309 5068
2986 5976
655 4412
1572 4911
9112 9221
4958 5667
523 4129
3538 3680
723 3216
3119 5022
3889 4091
2816 2893
1864 8913
2794 7832
4746 6853
1009 4982
3686 4993
4786 8327
6447 9408
4166 6022
4306 4899
4252 7710
9079 9516
5252 8683
636 8794
6068 9386
2835 5977
2275 7095
2367 9753
4519 8411
668 2653
980 8703
570 6035
6115 9071
3056 6342
2196 8046
2394 6875
1939 5200
3950 4452
3088 4174
3613 7525
1457 5429
3129 3984
1524 9821
8494 9333
1769 2764
406 8640
486 5003
1785 2768
4301 6685
4358 7528
2624 3683
8438 9658
3061 3320
6559 8615
7325 8368
1311 4476
1236 6276
2745 7356
6583 8027
2699 7498
3810 5340
4395 6742
2880 9024
5723 6621
2803 6932
5073 6439
2223 7598
3162 5845
47 1839
3030 8178
1537 6552
2197 3033
5 1623
4809 9786
2631 6269
1817 9884
1370 2714
1343 4611
2191 4012
7108 9849
7421 8316
3583 7671
3315 4263
1473 9921
2362 9752
1608 2888
729 7977
1682 2619
541 1753
5726 9061
608 8780
5261 6802
602 769
5015 9427
2104 2749
5176 9917
3523 3547
4884 5062
5109 5618
906 8478
6299 7349
3153 4557
2941 3583
1507 7180
3006 8551
254 6086
4507 4962
4209 6277
155 5517
547 3797
5274 8731
727 3825
2584 6921
4980 9737
3869 4259
1651 5287
651 4050
420 5247
3489 9068
1189 7042
4634 9636
5348 8295
4391 6395
2385 5037
2391 7438
1131 7224
8037 9914
924 5272
3781 4958
6515 9800
1870 9505
7905 8997
3176 5262
123 4048
4894 7669
3864 7445
5477 8491
369 1942
519 3376
3451 3731
2283 3759
3399 5112
4897 7341
3213 3449
30 2443
2713 5474
8223 9499
1561 8304
30 9157
1273 8371
4030 5949
4354 7917
634 6181
1056 3571
970 6233
4256 5278
468 5832
861 8576
3372 9507
534 3623
7231 9007
5425 5691
1136 8560
1329 5604
1195 9691
464 847
1173 7587
1676 7640
7107 8604
736 8052
120 5272
9073 9922
3883 9458
3115 8709
1576 9321
3478 8481
5568 5775
2775 4273
3260 3924
3914 4349
5462 6930
4194 7350
1261 3252
4866 5136
1859 4787
2502 2863
405 4963
6913 9154
9852 9950
4318 6069
1097 9134
84 8116
3487 6622
43 5158
2289 7962
6204 7060
5016 6245
5570 7660
822 5031
1716 4493
5494 5740
1668 7295
627 2887
5565 6434
6206 7514
555 4718
2740 8096
737 2582
2370 9001
622 8755
4431 4956
2625 6231
4167 5734
914 4135
3430 9719
3723 8667
63 9996
2573 8954
8045 9403
5871 9581
1544 2008
4010 4677
4146 7053
1408 4351
343 7177
5885 9452
1869 9172
5024 6208
7414 9854
2357 7075
7614 9988
191 4077
856 9440
4081 7721
5506 7342
6733 8632
5434 9298
1983 3752
7451 9846
6462 7227
2002 8581
1266 1593
102 2042
3184 4090
28 5851
3571 7299
519 1384
3063 5427
5314 6764
4480 9214
544 6540
5071 9720
2881 9760
3443 3444
6377 7985
1530 6403
1472 2408
3240 6148
1644 2747
8598 9079
784 9981
5799 9301
3420 5439
1669 7963
3220 8592
4576 8793
1899 6067
4581 8129
6714 9957
8097 9673
3327 5929
2460 9877
2140 9082
3677 6197
2439 4235
1073 2285
3196 9928
8643 9734
659 4421
366 8467
1739 2118
5774 7915
2165 9678
5107 6866
8706 9524
1693 6975
5718 9823
2584 8920
1708 2472
8788 9672
62 9726
4067 6415
999 7730
5337 6415
2964 2983
7286 8104
3378 7309
5189 7758
2908 5447
8110 9860
7444 8952
8639 9346
6090 6287
399 7880
3192 7149
3706 5264
761 7257
2047 8414
1710 2972
3398 7015
942 5069
859 6623
844 1373
314 6825
802 8271
1062 2272
2102 8423
4596 9299
668 4224
374 6383
1657 4383
4836 5419
4380 8598
5400 7913
4451 7536
563 9646
331 7467
2678 5619
2869 4580
2975 6212
4022 8128
1946 8889
1411 7916
7139 9160
3967 9147
4798 4925
1808 7215
8830 9537
4669 5436
315 9361
839 8526
3479 9532
3999 4901
3833 9483
1471 3292
2124 2937
596 7334
6150 8769
4350 4920
1445 7588
4060 6983
3890 5907
5868 6499
6547 8202
843 9118
5987 6011
194 8744
2953 4219
4621 9668
110 7919
7325 8139
5592 8024
2383 3389
1493 7837
2474 7675
914 6239
3874 5787
1931 8883
5315 9842
2834 9839
3986 7520
5822 9235
2811 3752
4319 5732
515 960
4359 9985
2413 4539
1438 6273
2471 7456
701 4041
1915 4278
8225 9502
2614 3457
1886 5631
6881 8148
1022 3234
4777 5672
5350 7062
6298 9207
183 9388
3374 8462
5160 8347
4477 8623
3468 8926
5499 6475
7333 9472
3194 8837
742 8347
485 1451
2354 8868
3224 7946
2099 3824
5718 7047
4630 5831
546 4598
2907 6155
1595 6755
1368 5341
2343 5393
1707 9916
4868 5453
6827 6915
2084 2382
3657 3982
2784 4818
6339 8715
147 8541
235 6494
1799 9689
2174 6522
4530 9524
2158 6871
5390 8829
3008 3400
1622 5342
3034 3181
5420 6979
3037 3424
2739 5938
1764 4695
3111 3210
9029 9623
1302 7011
183 188
416 4026
827 7380
95 7705
256 1779
7822 9962
1381 8922
1495 3535
7599 7768
74 3512
4251 7310
3159 9486
8343 9121
186 504
6380 8119
821 5184
3923 4813
581 1501
5282 9232
2600 8737
2053 3723
5346 6117
1327 2449
5906 9428
1921 7603
5527 8839
8302 9548
1940 7142
1737 6598
3636 5674
5397 8740
9785 9862
1165 6079
4510 5833
2334 7817
1065 7122
8049 9551
3683 7205
2012 2602
469 4381
7290 8846
6006 6208
33 9029
173 9032
898 3082
1755 2474
2577 4772
1076 2129
94 5441
2558 9977
702 1867
5090 7573
375 9987
2274 6643
2080 6996
2666 7266
2989 5041
138 6947
3785 9152
1072 8513
2443 9981
3069 8405
2522 3243
1849 9044
1010 1411
3499 5818
15 9980
6946 7002
3036 3808
811 4725
5018 9568
3835 8807
514 3861
2971 4614
4588 4763
1798 2130
790 7864
7761 8157
7346 7423
3543 9660
1894 6246
1180 9151
1813 7162
6300 6302
5275 9054
863 2686
4137 4745
6902 8959
1084 7983
6856 9394
6178 9965
3653 8665
2303 8070
110 2629
1260 2180
2734 7003
1724 4186
134 7023
4934 8420
2207 2279
3470 7973
809 8868
578 5770
3456 8054
1235 5446
2041 5883
4577 5022
107 4879
2959 3392
2636 4852
5057 9054
7064 8633
6230 7260
6366 9490
5772 7704
638 6144
2884 3290
2948 9711
7314 7825
8331 8741
7618 8159
7945 8582
3969 6787
7801 8575
6671 9843
2469 6297
3553 7575
2152 7036
3259 8149
3608 6368
2278 9404
2702 6414
6560 7319
2789 6955
3815 4004
390 6920
4647 9264
1620 5320
479 1256
145 9954
2206 7793
3713 8040
2398 8222
6404 7413
7086 7136
1736 6837
3069 3907
585 1879
18 1715
3629 8547
1699 7497
5457 8414
1333 7157
3427 4723
2052 3962
4309 7405
3038 7773
890 4716
2586 8351
2620 6899
368 1077
2772 6776
2173 7108
6933 9377
3439 6341
1251 7670
7408 9027
2546 7481
7799 8940
4042 7546
6541 7094
1168 8813
8053 8230
6936 7052
3267 4555
478 8916
3984 8272
4244 4733
4421 4660
607 4896
5858 6624
781 4760
8197 8204
293 4704
2266 6947
457 2997
518 7146
8310 9328
4872 7746
4077 8506
6545 8821
6741 7178
5117 9585
287 9125
2120 6951
974 4478
1354 8039
553 3722
583 5411
6490 7683
926 2581
197 2117
4202 8477
2422 7857
8975 9576
636 9359
5704 7110
5099 7596
1199 9481
1467 7290
4241 7790
3536 4832
5980 9840
5570 5741
688 9371
2125 9851
7079 8805
3893 8330
4200 8981
4709 5008
2071 6925
3685 8967
3818 4561
783 4550
5139 6746
4132 9339
4296 5415
5935 8040
1783 5131
1063 1631
6605 8818
4552 6294
34 2712
1992 9178
1710 5235
3585 9602
6262 9110
5917 8857
5847 8429
156 4366
3116 9446
4676 7345
3794 8102
639 4227
2479 5774
8506 8936
2250 5322
1456 9549
3180 5414
6061 7555
3281 3668
2878 3007
5317 8248
204 7646
3896 4948
3900 9397
1399 2598
24 2220
2452 8957
3931 7972
8255 9247
5185 8034
4890 8451
282 4820
1185 2770
4594 8038
3100 6937
3391 5301
279 8648
3559 3882
5327 9187
5703 6725
4046 5529
812 7436
3971 8197
1754 3864
5046 6604
2903 4522
678 5347
685 8526
5651 7023
3744 5986
3645 6445
1278 5661
2866 3681
6382 8170
2236 8925
410 3301
5476 8887
1809 7665
7420 8569
1880 6691
4516 5407
3139 9432
531 8690
4370 5856
6590 7785
5396 8131
1592 4727
1484 8383
2900 3963
5695 5839
3083 9937
2684 4693
4038 7217
1951 9101
2269 2778
7849 9316
1978 4893
7375 9170
4638 5910
220 8584
2288 9190
223 5624
2761 5161
5446 6111
2620 4503
1423 3699
4627 8365
1050 5251
5749 9993
6278 6318
6164 9983
4508 5817
3687 6594
8200 8865
278 4007
8781 9351
517 619
1229 3186
7182 8930
6503 7740
5269 9959
375 2750
2673 5676
6031 8645
680 6549
3769 7817
1522 4783
2262 9352
337 5159
6024 9487
8055 9475
2602 6508
1301 7311
3814 4844
141 2509
4637 8201
3417 5150
8705 9629
3940 5082
1951 7919
5363 9803
3850 3852
1679 4141
3587 9392
5500 9899
3110 8949
2822 8032
4092 9435
2022 3460
6142 9510
2252 8315
2424 7831
6807 7560
4282 6923
3117 9642
5327 8186
4855 6789
956 6351
7315 8047
8637 9018
4730 8308
1531 6778
3631 4717
7062 9962
5633 7788
8372 9081
740 5815
2061 7152
1516 1645
6970 7123
3555 5765
1720 9806
1611 3817
3306 7500
1287 3481
8613 9627
3026 8991
2083 6353
3669 7953
6250 7950
762 2362
1428 2555
2409 7922
1186 1311
108 9631
1398 2850
7396 9892
3880 6123
92 4047
1597 4650
4827 7806
5380 6843
4774 7469
2901 6727
848 947
400 844
943 4022
1694 3097
169 1134
5631 8376
2854 7035
2494 6829
6722 9713
1040 6265
7022 8894
777 6169
266 4023
4300 8729
1340 1549
320 4929
4206 8361
5855 8482
3882 7976
2714 3819
2227 7065
1381 1650
2480 7600
3427 6536
3518 7127
1542 8231
867 7782
4454 6864
6495 8203
2249 7827
6910 8019
3157 6584
7623 8525
1372 5432
1250 9314
2068 2129
978 1527
2688 5224
6074 7070
309 9141
2845 3875
1874 2376
6163 6978
6781 9683
4024 8237
5547 8622
2562 3409
795 3721
2463 8927
4290 4342
8114 9271
5670 7568
1389 6251
2925 7910
4622 9071
1028 2235
893 9373
3724 4136
852 5540
2766 5782
620 4924
2710 7504
7095 7567
5797 6676
380 9895
5281 9972
7130 7854
3601 4856
1563 8079
5001 8162
6461 7666
64 657
5824 7347
603 2728
2545 2968
1020 4037
2075 6414
7885 8973
4133 5092
7652 8322
7337 9488
2793 9765
4752 6332
1935 9307
362 8621
7862 9751
1623 7317
8489 8854
2945 5055
57 3718
2148 5752
3040 4828
932 4701
2505 7617
7357 8248
98 2246
6138 7220
7729 7893
7171 8418
7709 8056
5261 6309
2732 6832
8643 8732
7640 9297
5251 6601
2610 4261
7632 9454
2800 3181
4430 5409
1051 1344
6479 6556
5369 6320
1306 4219
3782 6822
3421 4465
4462 5243
1538 3815
3278 8014
3504 3798
3336 4578
585 4641
7964 8119
658 7624
4606 9588
1890 7013
7218 9066
803 1642
3441 9208
1111 4916
939 1558
6588 7017
4711 6214
5707 7395
628 3847
6352 8139
1867 7730
281 6688
5496 9557
705 9603
2319 6190
1752 8964
3208 5380
2294 3134
425 7001
7930 9952
1270 5936
4543 4664
936 3958
3888 8776
2608 6938
3520 4159
8707 9295
432 6731
1625 6447
2554 4516
1078 9039
5435 7631
4981 7190
1828 5140
4740 9756
3400 4151
2487 6026
7197 8072
3672 4680
2684 2830
7712 7831
816 6290
1866 8507
326 2583
4620 9389
918 5803
190 5873
2588 3853
4276 5050
2767 4215
202 8207
4303 8466
231 7304
2350 9943
1147 5246
8334 9019
337 4942
3754 9777
6786 7406
4702 8388
2440 9873
4062 8140
3099 7783
2052 4529
4725 5582
3608 8214
2882 5946
3092 3429
2064 6392
2146 9447
9137 9692
2136 3865
5384 9231
1809 7238
1059 9301
6836 7028
2790 4317
5086 7649
805 5725
3496 4565
8483 9093
9234 9296
157 1548
1880 7091
5002 7134
72 2359
7578 9367
21 9195
3451 8459
5550 8163
7854 8117
5112 6148
3663 7951
621 6515
3002 3673
6405 6825
2771 6152
7446 9140
751 4504
3881 9042
6339 6925
367 9430
5162 9596
975 8921
903 8669
1089 5864
3219 5968
2730 2741
1322 6609
3232 7435
1034 8824
2595 7024
4869 7729
1774 9254
3659 9643
6779 7641
3794 4277
6061 9914
6854 9444
2081 6093
5712 6243
3758 6950
574 7646
4551 9780
6122 7251
2008 4272
2147 3227
282 2439
3156 9343
5860 7494
5821 8853
5137 8058
3345 3915
5365 5452
1200 1955
8642 9977
7475 7989
182 8250
2418 2777
7821 8444
8 6348
433 2166
832 997
5776 7763
5665 7343
1963 4165
6978 7411
39 1074
5813 6409
5335 6770
3549 3933
1385 4531
1188 8388
984 9273
2832 4253
251 2879
4444 5571
1764 5193
2986 3337
2476 5320
6397 8884
6476 9491
4056 9170
5701 9577
5259 6767
1444 4563
9226 9948
4388 5316
2202 8174
7818 8687
3538 7932
6742 9154
42 7048
3102 6064
1298 4676
7360 7430
2763 8735
6815 7453
5735 6896
3170 6450
1491 6551
5029 7488
1650 7683
747 3726
1426 9180
3315 9838
2311 2864
1371 5419
4966 5677
3805 6194
1869 2783
2300 4494
966 8460
6530 6669
5581 5609
1910 8004
5005 6021
2844 9345
3662 7611
5925 7244
1018 5265
180 8884
2077 6224
403 4930
385 1120
557 6499
5066 9024
6839 9979
5835 7209
4940 6038
549 8709
5175 7609
1711 1713
6350 9978
6989 9570
6137 6526
2905 5295
6895 9217
126 757
1162 4945
2218 7575
4423 9485
168 5339
5463 9722
3634 7328
1012 2195
3591 6244
5412 8217
525 2361
4062 8630
597 9259
6886 7836
2531 4544
4507 9503
5063 5174
5122 9598
7380 8712
5573 8688
2471 9910
2395 6334
6620 8803
827 7372
2244 6057
3822 5210
6306 9280
8683 9142
1013 4350
1227 4878
2299 2788
1187 9484
3070 5046
430 4838
7412 8285
8120 9224
7375 9084
977 7537
151 4450
903 6637
3231 9427
335 4914
7248 7843
4274 8978
2692 9474
3549 7460
3721 6405
2205 6702
7860 9303
1635 4939
7392 8615
1946 2514
2346 6387
2521 9539
227 9164
2356 8600
1271 4698
2026 4678
2412 6889
2450 7513
2988 3027
1790 5800
1442 8881
6695 9034
2478 9126
5002 8841
5945 6928
1742 4890
461 5215
4134 4265
2156 8479
793 4867
6812 9712
6662 8851
6224 9732
8086 9254
825 1267
2693 5043
2630 4307
3977 5106
4419 6659
5899 7664
3025 5297
2870 6462
5781 8616
4616 8691
4263 7810
1342 9011
394 4859
2633 4730
7695 8791
4942 8170
2342 5591
201 3271
273 6959
1801 9233
3321 8556
6721 9901
831 8430
5138 7221
276 6480
1606 9063
2892 3003
3138 9560
2816 3035
5135 9709
1971 3790
1377 6237
1074 4291
4153 6691
3698 6940
5373 7684
2408 7477
1695 6457
325 447
1622 9059
7431 9900
2837 5387
4989 6034
1414 8990
1451 9878
2798 4215
6327 7522
3750 6112
4058 9148
2285 2337
376 2928
1195 1777
2088 6466
8244 8292
6427 7672
5460 7799
1773 8542
1154 7955
1901 4517
3738 5246
848 2162
7183 9033
3447 4843
3264 9771
3753 9939
263 8645
633 3164
214 4784
554 1972
5343 6755
4199 4880
7119 9293
3749 9793
1980 6714
2885 8136
5760 9410
4824 8177
7526 9740
1178 3817
8367 9370
54 4239
6724 7099
3491 9403
280 860
4674 6651
4243 8627
5627 6579
5454 5595
3303 5842
134 873
6062 6116
241 3252
967 1943
1196 9574
2782 9719
4946 5347
5933 7733
2342 2459
6930 7786
1139 3939
3539 5314
2754 8125
2809 3966
4431 9344
2871 6089
5790 8852
7320 8760
8636 9936
1935 9309
5559 8812
7111 9588
522 9578
3077 3649
78 8573
2981 4567
2677 8790
4397 9395
2468 8672
1787 5863
1163 1303
3682 6264
4110 9258
2792 3856
5389 7487
3795 5668
3936 7253
2621 7966
4051 5133
2519 3287
1658 7133
7661 7878
1762 7657
352 7148
2040 8656
5769 9643
2623 5167
1618 9346
986 8834
3971 9313
3031 7088
842 3837
929 2913
4867 7174
700 9622
2650 9373
4408 4472
68 5524
5649 8062
374 5751
1181 3485
3060 6236
1629 4650
3349 9649
6443 7708
3458 7550
1842 7805
6767 9787
2665 3356
4891 5418
3013 5981
1176 2566
6706 7589
245 4613
6159 6162
2195 5678
4842 6001
2562 6777
119 8320
5027 6283
3515 3714
3426 6400
6513 7992
290 4911
3341 4168
6578 9032
4504 9003
2435 3094
4279 4753
4823 8287
2804 9967
1551 8223
130 7786
2641 3705
5374 9289
114 7097
998 6183
2457 7943
4618 8628
2108 4482
6360 6861
3214 7250
4801 5303
1853 3153
4705 7362
6868 7897
2799 3381
575 2461
4373 8847
2653 3615
1014 7979
7307 9863
283 2527
4464 5369
1829 6033
5274 7462
99 5829
4113 7049
417 8649
6584 7702
839 1313
619 3699
2140 9078
5224 6432
5806 7120
6173 8745
3904 6994
7694 9387
560 2848
1684 5587
4854 5948
6373 9899
955 1212
733 3240
419 6262
3863 6360
6911 9738
1241 3466
871 4106
4554 4609
6458 8932
29 677
5051 8420
1326 5338
3405 4580
5693 5965
3065 3447
1444 1691
1709 8198
1502 6263
3021 4221
5979 6218
2835 6030
8096 9545
3894 9844
3038 4220
80 3525
1278 3371
5279 7126
3719 6561
5888 6085
1073 1746
5686 6603
6185 6732
5736 9132
1960 8413
4704 8503
1417 2697
2436 3790
4310 4672
9090 9418
4114 7022
5070 8253
1552 3735
4442 6640
5991 9746
2756 4436
1455 8365
772 5223
192 1035
5405 7259
462 5026
3275 8226
5329 9812
6045 7496
6112 9865
8785 9027
1146 6454
1432 9327
488 7429
111 2110
4015 4646
3245 8609
4827 6277
398 953
6167 6354
1142 3841
460 9922
2333 4028
879 6987
5049 8721
4369 4456
1804 8770
969 5604
3028 8061
1010 2090
4837 8871
719 4197
1290 1435
3660 8233
19 2190
4115 8900
3183 7768
3652 7882
3584 8773
1113 6942
6058 9748
2839 7938
5652 9577
1258 9415
3283 6429
1502 2392
1477 4934
4557 9494
2010 4125
3935 5101
3366 9968
7624 9928
8087 9358
4203 8805
800 9735
7254 7911
7407 8394
713 3088
6047 6130
257 582
2860 3313
5664 7394
8392 8646
3422 9878
4370 5375
1176 9718
5665 9177
2115 8312
1989 6144
8786 9189
2119 2347
806 1281
3126 9514
4066 9310
2387 5830
799 7840
2954 6655
1087 5623
4636 5417
1421 4462
7067 8694
5566 5956
3355 9894
7165 8419
4182 8398
3253 4456
3554 9173
41 2449
3965 8589
3323 4496
7610 8461
4443 8567
2082 2402
6498 9689
2785 2821
5617 9581
6110 8277
3076 8339
4979 7897
3144 4731
8583 9706
4653 6653
3783 6159
710 3511
92 8627
2955 7272
507 8929
1212 1962
1280 5141
2591 3118
689 4994
8552 9094
5895 7471
2232 2409
7527 7823
7212 8726
3965 9322
474 5401
6513 7965
8946 9856
1189 3619
713 8917
3663 7612
2390 5838
1172 1742
3444 7129
535 8753
1108 5970
906 2950
1263 5809
11 8372
2852 9149
1105 6252
2259 9043
979 6471
4072 6936
6435 6497
2728 8993
5333 6491
4986 8256
1955 3879
1422 3853
4578 6298
2512 2942
4515 7668
933 3876
3184 8298
6425 9086
6127 9861
2723 6673
1416 7432
1945 4775
250 4807
1767 7446
4952 7614
3387 4269
4892 8969
3773 7156
5284 5861
3258 5825
7166 9580
1557 8843
3693 5331
2588 4470
5505 7982
5927 7265
387 1215
8003 8989
4602 8016
6330 8463
4795 9645
1938 3322
297 7635
2628 3709
1383 7116
4390 6620
7679 8697
3258 3779
5462 9072
3107 7565
1940 3185
1296 6225
3857 4564
4599 5291
257 6432
3785 6020
3112 9649
1043 6789
351 5138
3942 7812
1875 6321
6810 7765
393 3572
3111 9763
995 1237
7018 8297
4191 8763
2260 7987
1308 8587
2940 7676
4391 8554
5849 5921
1185 1466
3592 9662
1972 7518
1337 1642
6401 8107
2277 5971
7045 8328
2336 4675
3886 7717
3306 7865
1835 7006
2544 7292
6231 6356
2323 7453
2791 3423
592 9697
2830 4721
3301 3906
5574 6067
2259 7016
1541 5648
3916 6720
2155 4805
7839 8902
4823 9676
1732 3910
4651 7059
3449 9936
3079 4422
8266 8553
701 8597
1454 5827
1118 5641
364 3057
2025 9324
2646 8345
4418 6335
7154 8307
2027 3772
3020 4310
5161 7358
1202 2836
2950 3272
5129 8303
346 9504
6143 7581
496 8704
503 3004
826 6728
6195 9482
4085 6468
7834 9586
586 1297
1423 5243
1182 6203
4189 7467
1678 4392
5689 5897
5656 8736
959 3670
991 4084
4936 5516
4842 8975
81 3811
2916 6342
725 1092
8519 9230
3513 6847
3143 4803
3494 4072
639 8689
1289 4330
3926 9798
449 6238
666 7232
5268 7926
1714 7448
172 1864
3163 6192
280 455
2919 5348
8749 8964
284 4878
4036 4387
327 7567
351 6110
4454 8173
2629 7301
2343 3223
1456 4649
3596 8364
2296 7723
6000 6418
1925 9113
185 3350
3200 7552
2822 9185
8276 9497
6544 6650
2030 2840
3411 6945
6413 6741
2797 7738
3505 3742
725 6689
1841 6251
6998 8138
2652 6153
7374 8384
1857 4220
1348 4060
6111 8882
8165 8996
2827 7599
345 5133
1442 5580
143 5330
6142 9198
1083 1720
138 7170
5353 7585
2349 5357
5744 7308
697 5521
896 4487
3566 9183
873 6897
3865 6227
1406 5952
7473 8943
4883 6320
870 7288
3356 4270
763 5937
1241 5926
3095 6150
3552 5207
3135 9011
1119 1834
6292 6294
2301 7335
1559 4329
4659 4987
5535 9745
3137 9967
1827 3453
2848 6100
1589 6328
3341 7405
985 7726
117 441
3913 6200
956 5472
2024 4905
3304 9610
5013 6730
1441 6575
2577 5770
2895 3094
1697 9284
4605 7735
2730 4218
3497 5396
912 1580
2557 2559
1633 7036
1751 6665
3651 8559
8475 9341
4623 7074
492 8680
2447 7091
2292 6547
6599 8738
6743 7509
5589 7572
1661 5230
1910 4106
450 681
679 3834
2205 7078
4851 5968
8702 9853
7712 9462
360 5588
1995 3325
6213 9453
5302 5957
7272 7663
442 3490
33 4374
1088 5142
3590 5346
922 3829
8864 9213
2101 7196
2614 9835
544 4910
813 7293
358 5671
7063 8698
5411 9555
333 1514
854 3272
6562 6765
5081 8943
2508 4687
6302 9626
6487 7747
5792 6287
4032 8646
5747 6510
1110 9827
6573 7858
1900 3639
5791 9181
1312 9175
303 3260
1106 3885
603 7898
3120 7350
702 3812
163 8501
7925 8795
3313 4453
4288 9330
2327 7505
8264 8822
4595 6893
877 1254
4700 9876
7571 7662
4924 5916
3353 6599
5429 7000
6679 9184
3039 5533
5784 6628
2548 9826
1148 6845
2526 8674
401 6628
3103 8327
8862 9559
310 8243
7921 8520
25 940
4778 8872
7600 8380
2405 4981
2760 7958
3312 6099
4226 9487
1599 8743
4289 8563
3945 6170
365 7848
4404 6480
170 8562
177 5815
6464 6564
3959 6209
3270 4245
922 6991
2104 2724
6403 8830
2805 6965
7156 9711
1576 6453
1415 9177
2610 8654
2721 8969
340 8733
7529 9204
7956 8415
4176 4750
181 3782
7561 7638
4199 9953
734 934
139 5762
318 6362
2617 6037
5288 5484
743 2538
215 4327
7623 9108
871 9161
8702 8728
3226 3401
283 2664
2307 7933
5354 7969
6857 8605
1391 8996
63 7613
771 2036
2355 4424
5635 8720
5820 9902
285 8713
4966 8673
2475 8595
3082 9873
1370 7013
785 902
1912 8107
1149 3474
6740 7568
1046 3136
1556 1957
2815 8935
1248 4146
3407 4908
232 3548
618 4786
755 2392
1587 7215
1934 5351
225 739
2216 6007
4684 9549
8309 9582
1542 5030
1103 5866
5447 7242
3991 9542
3175 8036
1120 7416
3821 4175
1143 3399
887 1845
2349 3296
4830 8523
5931 7708
4331 9707
4938 7377
211 6203
1368 4304
269 8864
3904 9064
330 6877
8409 9465
376 9796
158 3316
2636 4497
1820 5562
3856 6914
5829 8521
56 168
158 6092
3632 9190
7121 9773
126 6964
1075 9414
2787 6313
3567 9179
4004 4572
488 7595
3213 3217
6625 9675
2142 2188
410 7057
5767 7506
217 5729
4453 6310
5282 5772
1305 3083
3159 8602
4450 9202
4407 8121
1841 8912
7962 9095
6059 6577
5488 7693
566 3557
7397 7621
7714 8439
4 7551
1616 1918
4017 6156
2524 9569
8432 8454
1004 7033
2951 3030
5134 9778
2927 9809
7092 8587
3404 5755
1690 5727
2141 3604
316 2700
2553 3750
4348 5218
3966 8651
5127 8633
8427 9470
6172 8747
6226 7922
1772 9566
3761 6375
444 3589
3237 8631
1243 5561
1804 9885
4527 7094
1596 4709
1272 5590
130 3938
7388 7538
2178 4511
2172 4305
6275 6365
6556 8820
3257 6738
3141 3557
3196 5958
2958 7115
120 6893
1143 5478
4188 8059
5367 8614
2321 7229
660 1222
2855 6169
638 9218
3867 9755
2708 9518
2428 6941
4998 5033
2048 7072
8652 9564
1172 9242
1988 2131
4528 7693
2074 6999
4523 8473
5940 6200
1364 4927
1414 6792
4459 7659
1852 1893
125 2510
5423 9587
568 6160
499 9070
3284 9747
5804 8490
2201 3052
5128 9536
1748 7458
2952 8774
1463 5727
2824 9305
262 8631
2154 5914
4685 4997
1728 6101
7703 8869
2772 4547
1962 4607
5463 9329
4535 7996
8919 9287
3967 5250
3886 4067
902 4329
1731 6885
599 6631
2898 5632
4438 9197
3146 6275
3495 6154
8244 9853
3643 9590
1201 7574
6283 7483
3588 4184
3280 9763
3280 5471
1591 8999
568 1659
2724 6166
2109 9061
2686 5443
4128 4337
6744 7662
1044 2676
1279 6442
3514 8016
3423 9416
2831 6519
5514 9663
582 8998
1156 9302
3085 5720
5845 6550
5258 8449
626 6125
2533 2834
1305 9060
747 9062
3402 7544
7633 8650
2985 9655
3592 8428
1504 3293
6635 9837
2445 4025
2377 6983
4532 5852
5500 7920
5045 9117
1475 7945
6019 9109
6010 6597
1086 5814
2054 2886
2191 5470
2598 5925
5134 9701
3074 7892
3629 7987
2087 6371
3787 3791
4336 7680
4670 5621
7739 9257
510 3130
3576 9134
1820 6763
5296 5555
6997 9964
5471 7892
202 8617
1210 8263
8700 9288
343 8932
1800 5549
822 7409
3950 7423
1778 3932
1975 6481
4770 9526
858 6127
297 707
6735 8066
6831 9989
7075 8084
47 6973
4625 8097
5936 8188
788 9298
7151 8246
3848 5192
272 7242
5823 8670
1255 2672
3145 7140
5890 8219
5407 6810
4796 6751
1001 7648
2452 3133
3701 9452
3720 8309
4264 6884
2253 9416
3401 4521
550 2758
2605 6082
2539 5295
7274 9591
3331 7336
5564 6585
1047 6822
4875 8512
161 184
3526 6706
9026 9630
5653 6503
226 1646
1232 9249
3672 3718
2606 8202
7270 7882
5684 9199
2890 6114
4514 5276
4937 5323
2415 7940
2625 6358
4181 5377
656 6423
675 6187
1668 3908
652 5540
5418 8256
1510 4007
5286 8722
1056 6676
779 7632
6637 9669
4251 7634
7387 9247
2569 3009
5799 6673
3784 8228
7791 9433
164 6047
3905 8514
901 1430
196 8190
409 9007
2083 4103
4686 9219
1359 3158
6675 8337
2437 9757
7856 9681
4742 6880
6953 8766
389 2876
4841 6924
2278 4800
1528 2765
4411 6005
5713 6419
1499 9450
2866 4655
2013 8396
7121 9425
416 5901
6055 9931
5053 8216
4162 4776
5143 9661
3755 8539
866 8302
244 1553
774 2745
1080 2011
816 6679
44 6872
4096 8010
3289 8716
4893 6324
187 3086
2023 4907
925 4892
3609 6422
2222 8763
6853 7500
8530 9169
4415 8318
1534 1843
2282 5754
2469 5994
489 2241
2354 7138
1810 8041
3901 7674
6420 8267
129 8270
2670 6406
1751 7510
8965 8995
1338 8813
1462 3463
330 4697
3736 7667
4479 6651
681 1406
1913 8590
5638 9388
2771 4973
1360 4918
5639 7973
2059 5358
4611 7977
148 888
3249 8281
6834 9953
5513 9077
4903 9307
2560 6642
7687 8203
6049 7012
1418 3642
2877 8520
2082 7425
8390 9857
2466 7873
8758 9342
3925 9645
5508 7085
212 4082
6478 8843
5093 8413
5906 8804
3298 9765
2993 4091
2167 4332
2993 5389
1183 7798
6352 6494
690 2716
6973 9735
7631 9715
3106 5616
1895 7720
1870 2621
6598 8295
820 5629
3892 9326
4076 5946
3324 9789
1969 9566
5496 9618
1175 4796
3239 7563
7208 9062
2628 5541
1015 1153
4179 5156
2783 7879
3746 3916
323 3321
8516 9653
5271 8680
253 971
1654 9189
1395 3768
2935 6858
296 7569
2564 4825
691 2492
617 7370
4001 5304
36 7757
6266 7026
8579 9022
4101 4129
7870 9129
7929 9327
150 9721
1956 2266
6025 8802
5948 9400
2496 3881
696 6012
7303 9130
4912 6903
3866 8525
5759 9074
5403 8106
8867 9037
2105 9113
5254 6723
2984 9380
2889 6451
2505 6834
5514 7211
5438 8831
4411 6289
426 7247
4029 5807
451 8172
1310 5530
1356 4964
3050 5455
3765 5405
3171 6210
2360 7902
483 2064
961 7449
1134 2956
6109 8118
2181 2925
2147 5680
730 5106
4739 6146
254 7365
4815 9151
1714 6099
765 2424
2379 2867
6357 9784
1947 7672
2144 6528
4953 7433
3125 9994
4372 4898
3579 6177
2798 4773
2931 7029
3859 7310
3843 7378
5512 6956
6189 7505
4047 8987
3445 6633
58 3493
5031 8220
6715 6945
23 6831
1786 2926
798 6744
181 4358
4142 7855
782 9198
758 6155
506 5124
459 2673
6128 6682
1817 6412
3569 7923
3993 6319
5593 7010
228 3454
6670 7925
2674 8886
6053 8391
5328 8859
260 9514
5564 6746
2693 3089
3405 8575
503 8259
2654 3715
6760 7876
4996 5308
2926 8861
145 6108
994 9540
3725 7484
4539 5269
8211 9638
2741 9699
2222 2675
7246 7511
5922 9794
3922 6518
3073 6754
3096 7352
1507 9896
5810 8353
7030 9334
709 3638
3927 8746
3780 6465
2638 9123
7 5475
5473 7954
443 490
1264 3498
438 886
3642 8404
4951 8509
2698 8789
1575 3884
381 5169
1496 3292
4628 8905
2325 6096
3634 6259
1675 1897
3585 6660
6970 7251
1169 4094
2067 9590
5232 6429
2512 5187
5190 6199
674 2413
3616 8642
594 4766
2357 5748
2911 9317
6066 8808
548 2806
4607 8247
4357 4502
6070 9201
4253 9017
3140 4097
1605 5876
4638 5812
815 8901
3212 7838
2339 6639
1917 9986
3925 7079
86 5055
6828 9866
741 5332
3900 5955
4455 9100
1284 6935
2394 7193
4838 9196
3979 5598
167 3947
865 2571
2057 8495
5482 9898
4382 6034
3033 4954
1446 6593
2921 4490
4617 8764
604 898
2111 6052
2648 8099
5802 7517
3861 8640
4943 5325
420 2012
3751 8790
4377 9168
2757 8023
4124 4260
5868 9584
216 7823
1132 7076
867 874
4347 6022
2289 5009
3563 6713
5818 9991
5378 6378
649 4131
190 7153
4093 9087
7207 9583
3136 8233
1594 1624
4313 7682
977 9496
4501 9910
817 4920
2421 7711
452 9293
1312 9015
3174 8767
8088 8659
1506 3696
7964 9044
4629 8221
5583 6990
1961 4541
5439 6751
7874 8787
475 9856
2444 8166
2197 7259
2429 5335
1844 3803
1501 2383
6698 9982
3276 6921
3051 7828
518 7741
1525 1971
1161 5250
3167 9431
1671 4294
3046 7749
5536 5737
1430 6642
495 968
1489 4194
1355 8217
16 1355
1160 7967
5861 7027
2543 6312
7432 8224
4394 5197
1857 5731
1669 8051
7413 8771
2671 4045
2281 8532
3541 5130
762 1882
2759 6330
783 3578
4187 5298
182 3763
6445 8154
531 4417
4543 5962
859 4487
2649 2694
3762 6820
5775 8174
7393 8796
7688 9670
6798 8894
2029 3871
5637 9822
3254 7606
1140 7447
3115 5671
7032 9725
4588 4713
1291 6229
2748 6233
7928 8951
178 8397
5170 9257
860 3352
4222 6690
2504 4173
3352 8910
3042 7225
1329 9311
3912 9081
3473 9915
5277 6466
3293 9447
1990 5214
2529 8444
4571 8278
1480 8092
7228 7814
3137 3626
404 6205
6687 9089
7410 8695
2291 6696
361 637
752 9989
55 8544
1078 3739
6725 7129
2868 7759
963 9382
45 4554
191 7333
2578 4403
1075 1796
3430 6842
428 8434
5123 5637
2085 7506
1343 6919
8109 8138
840 8332
1591 4345
219 4680
118 4494
6317 6720
471 9023
4323 8307
2877 3635
7468 8319
955 1341
1175 7764
5762 6424
4806 8908
3711 4597
5249 6661
4268 8907
3648 8088
2007 8049
2146 5721
1719 7391
6846 7117
1118 5729
3236 7805
4104 9013
2003 2845
907 6371
1617 7759
5215 9611
1826 6729
1758 2351
694 835
1976 7530
7995 8081
5059 7420
8844 9313
1954 5872
2767 2829
506 9582
4719 8299
4877 5167
3016 3764
2915 6977
1162 7815
175 2535
5433 6666
6453 6813
5593 9471
7364 8948
7902 9506
3980 9046
5736 7451
980 8663
4102 5978
5864 9764
1641 7980
3471 6850
3679 7754
1208 7721
6632 6914
3195 3888
1093 7150
5340 8289
1209 1608
3846 4127
4632 9903
2603 9272
8755 9316
1843 2572
1288 1538
7318 9517
6541 6736
2743 7591
3041 8252
4365 6657
7090 8152
2987 7262
4540 5961
2759 4848
4040 6346
2492 7522
400 6826
5739 9858
912 9688
793 9628
4628 6761
2426 8639
2200 9769
4399 5188
928 9365
1380 2853
96 5345
3279 5893
4070 9656
6398 9783
721 6119
6399 7199
4057 5042
7562 9467
2639 6897
845 8617
6674 9541
3445 9176
5381 9441
1334 6769
6145 8080
6803 7781
4748 6899
5440 8100
6234 8678
7182 8241
425 2537
4205 4515
1656 1877
5597 6826
3779 5531
6178 6590
8265 9269
5096 7992
3821 6073
3068 3622
9043 9070
1239 8134
388 2006
1382 8472
6454 7803
964 6646
2174 6839
940 3179
483 4124
4847 4885
5658 6280
7031 9476
2558 8048
2613 9378
1390 7009
7489 8167
9236 9995
4854 5841
252 1719
484 2341
7208 7629
1005 8291
5111 8461
135 6880
6004 9886
455 9561
2744 9728
2968 6076
1895 5749
1462 9864
3106 5172
1164 7131
3919 4855
2949 4697
312 1584
4386 9078
1187 2790
1232 3085
1297 6711
2287 8470
5519 6268
414 580
8987 9458
7280 7331
132 7321
2855 3014
2498 9841
1117 7429
430 5982
4719 5643
6534 7904
2535 7358
1395 6018
2637 9225
6291 7790
94 8690
770 6817
259 9231
4989 7997
5007 9975
6505 9550
81 4619
559 1324
6421 7461
1765 5088
5596 6583
2635 4402
1784 5628
6024 7344
2312 6625
2592 8206
1533 8055
200 2431
1429 8783
8293 9429
2318 6400
4972 9143
2789 6469
2477 2846
1296 2179
1156 7415
1321 3101
5835 8127
5451 5645
1096 3855
7520 8465
5653 8137
1765 8819
759 1224
664 5846
1181 5623
1276 9664
7601 8684
2739 9799
1753 6017
2889 4769
26 6701
1887 9428
4049 7596
6597 8417
661 5210
2967 8632
3934 7101
6636 7778
1403 8352
3793 6175
5125 5765
1205 7873
2736 4158
3510 3556
1090 3433
5789 6166
4035 7448
3593 8923
6943 8115
1103 7875
2300 4644
6631 7909
653 5699
985 5057
613 6026
2488 6474
3224 6151
4653 9889
2510 5730
3582 4926
913 3598
4935 8536
3044 3434
904 9808
440 595
7304 7795
4801 6585
4486 6904
5973 9010
3644 4858
4224 7277
5610 6335
3909 3992
381 9156
5442 6981
2444 4154
2280 8185
7742 9120
2861 4419
5030 9906
5912 9359
3685 3757
405 5975
3457 6835
665 5871
2930 6699
3671 6248
509 5398
1240 7916
4050 5400
3705 5375
1819 8738
4483 6194
2365 7586
6521 8911
1487 1926
1922 9463
6191 9560
105 2351
1619 2286
6807 9847
3547 4764
5233 6242
561 5058
2774 5083
246 4202
453 4148
869 3851
4138 7176
851 3304
2057 9559
5367 8937
4923 4950
2090 3151
4252 8533
6366 6888
5307 6133
3554 8474
3377 4433
6553 7172
7700 7968
8348 8979
372 7249
3308 4343
7141 9875
5928 8826
2810 3029
543 6659
5362 6776
5882 7866
4377 5634
1124 4692
6344 9777
6797 7093
1339 4466
2161 9740
3343 7866
5942 9369
2168 9420
2737 9016
6193 8105
2239 3121
2322 3285
5625 9530
1323 9311
5742 9525
2020 7353
892 2085
5959 8810
7617 8101
3204 9478
2609 4346
309 4665
2338 5294
9477 9964
6481 7914
7807 8416
3121 9907
2458 4583
424 7947
6274 7853
7872 9923
1546 6049
1089 7463
622 2219
2157 5428
279 9553
1494 5019
6043 9001
1024 9688
1454 7869
2603 6688
352 7191
5628 6998
1268 4150
4084 6072
3104 9772
1756 2991
3049 6963
2961 9103
5705 7895
1167 1823
4451 5103
5690 7719
4874 6059
2076 3104
2312 6542
2998 4978
3062 9845
7184 8012
2238 7046
2186 6587
2740 5522
470 1315
1253 5076
5402 6132
993 7083
4198 4962
5607 6263
2038 6271
2715 3716
3692 4633
2862 5888
2212 5033
5139 8952
6500 8564
759 7252
6942 8876
7280 9807
5087 7311
981 9176
1225 5630
2690 9746
6641 8696
6549 9287
1092 2529
2053 3715
7100 9612
787 2182
5216 7927
1505 8658
8350 9383
3206 6886
5148 8589
541 3666
4382 7295
431 2280
7647 8275
1805 1991
2149 2695
1223 2971
21 5549
7012 9557
4123 7967
6656 9598
6180 6841
5777 6438
4979 6128
1396 9255
5703 7678
1216 7994
6343 8673
634 3860
4311 5958
3949 9421
1019 9426
267 5826
484 1476
2265 7961
4353 7476
3232 5474
4635 7105
27 9484
4228 8856
7867 7883
1012 6408
2187 6002
434 3732
1930 2933
3555 7582
4237 6829
1930 3560
6417 7459
2366 9097
6520 7226
5180 9454
556 4684
756 8454
2347 2978
4393 8154
3119 3494
4992 7526
3041 7760
3659 4335
5908 7843
3845 5515
5557 7383
1948 8030
266 4177
2215 7316
1904 8517
5760 6433
4737 9639
8199 8750
2999 5740
988 5395
3065 8811
2058 7439
939 9539
6492 6681
6985 9635
3216 6710
6355 6390
1671 3561
2388 9679
1192 1404
1849 6160
538 3359
1017 7360
3034 5186
4707 8324
1558 7080
868 5012
5528 8093
910 5045
5881 9091
2438 3612
552 8084
4951 5857
7194 9909
5786 7966
6196 8630
2849 4299
6709 7957
2451 5854
189 1104
1177 7896
1055 5233
6492 7357
4117 8063
3246 6286
4525 8647
2607 3800
2325 9770
4331 9823
1543 3289
1696 1896
4250 7692
3597 9672
3414 5199
781 4295
4747 8164
1814 9238
2453 3363
4985 8995
2369 4008
5995 9685
994 6908
325 9381
3981 8426
3365 6638
1047 2939
497 9425
2601 7098
76 8579
2960 4232
4667 8558
326 5984
1425 2127
3668 7191
360 6070
749 4812
3983 7752
2074 9556
1701 6954
26 6865
5493 7714
4229 5626
4414 8931
208 7229
1851 4665
1116 6535
50 6408
5950 8419
2130 4031
4460 6003
4297 6813
1077 7144
348 2335
2204 5475
4903 9678
5469 9347
1768 7649
3297 7860
6042 6529
5036 7190
3816 9564
7584 9098
4631 4976
5077 7111
6326 9008
2533 7364
686 9614
517 881
3553 7758
4424 4547
6105 8893
4063 8863
8451 9203
1547 9944
2345 8282
7976 9654
3976 5654
4593 7720
583 6361
4768 5694
1285 4152
1490 9759
2897 7564
2622 7889
3997 5070
883 926
5999 8968
604 8521
3878 9278
315 2755
490 8044
2423 3053
5403 8406
8358 8628
115 3517
1115 9727
3755 4931
3011 6937
1908 4999
4309 9002
7731 8608
2579 3397
20 9399
5821 8314
1842 9982
3729 9565
85 459
3552 8974
4965 9290
209 6396
3701 3714
2028 2364
1636 8679
1194 6091
2919 4559
6911 7418
538 2658
6638 7765
5399 9956
7486 8941
1027 5140
4214 8185
3138 4467
3989 8712
1607 3964
8232 8675
6707 8031
2551 5793
2462 6035
1757 9859
2854 8742
7078 8583
5214 5456
1023 3032
740 3996
8367 8716
5483 9343
8352 8759
4950 9555
1324 5814
7829 8959
3756 8992
849 5283
7300 9826
497 8972
1816 6974
6672 8155
2223 4645
1919 7952
4694 9795
1647 3722
2964 6393
1035 2100
5558 7169
8665 8823
1087 6647
6711 8908
7733 8175
653 4130
6698 8838
407 4322
6859 6952
1167 8057
5361 7594
2711 5563
1579 3974
1654 2921
1636 6722
2634 6367
995 8400
5655 8257
3336 3891
6704 7466
2671 5060
806 2645
6308 8920
2729 3873
951 1183
3770 7110
2784 7063
224 3509
2934 8496
5955 7269
2429 2923
5050 6749
3388 3825
5682 8971
2358 2483
3508 6708
4183 6794
726 9338
5397 8682
3687 4201
6906 8267
8847 9661
1996 7890
1998 4256
3054 9187
1317 9895
868 3199
2035 6623
1267 4228
5646 9857
1488 4525
3299 5532
613 6098
721 8289
5489 9781
1612 7087
7298 8035
38 9126
7488 7534
4074 4538
4688 9759
709 8564
6229 8483
973 8925
1152 3330
946 5758
2516 2941
1109 7613
2272 8151
171 1901
213 9256
2760 8848
473 2290
2842 9525
7351 8407
1001 1550
2815 5443
4728 8761
1345 1520
3263 9084
1128 1198
5440 9133
2256 9900
3076 4792
7346 9228
5434 7474
4495 8225
1445 4439
460 1564
240 6931
5043 7226
40 3506
53 8283
3078 8860
631 2168
2617 5808
1393 4658
3529 4791
720 2001
1465 7830
44 5279
587 9883
2433 5896
4929 9121
6303 8193
4315 5940
6319 7580
7189 8136
2796 6969
4726 9572
2277 3628
6774 8123
5398 9337
986 9065
1573 9704
5181 7517
5913 6977
1531 8377
2990 7745
1861 4430
4797 8018
3059 6083
6108 7861
300 8401
4473 5321
4954 7278
3911 9842
1878 4959
3316 8705
5530 5647
895 3677
1859 3045
4681 4732
2611 5366
1881 6016
4724 4832
3311 8337
2062 4961
2122 5527
1920 6412
9280 9329
8480 9792
3927 9406
2209 3781
792 4095
468 9934
6493 7431
6436 7030
3435 7747
4357 5663
3134 9652
9677 9888
5105 7287
129 3946
7087 7497
2126 6984
437 8926
1132 2227
738 3319
3446 5757
2560 3532
3395 4125
2005 8966
391 1670
6629 8499
7245 8814
1004 6071
4326 5528
2254 2755
8962 9891
954 2093
6030 7102
3962 8151
685 1084
2667 5259
3382 8814
65 9393
3118 5560
5622 8112
3037 6388
4079 6950
2350 9863
373 1914
5355 8945
1026 5017
7185 9379
3338 8441
1615 4993
4596 4914
4321 8839
3537 8118
5154 9864
3383 8209
5034 6402
579 6838
2751 8740
1016 4466
2185 3420
493 2681
4792 6080
8060 8676
4988 8953
249 8511
7748 9424
1405 2055
1911 6232
6830 9550
1002 2151
629 4384
978 1351
562 5565
214 3880
8166 8530
1586 7950
5218 5615
3849 4026
2982 6051
278 1094
911 8758
7523 9096
629 3255
4537 7200
1860 4500
5541 9738
6345 8751
2419 5255
3294 9462
3256 4011
4761 8911
3612 9628
4446 8804
2923 4502
3832 8980
7297 9385
262 8915
1091 9227
230 5270
1452 2858
5173 8721
8021 9785
6701 9491
4492 7586
5226 5949
5768 7602
4787 5312
423 5194
2556 6894
2754 8848
372 4032
4006 8290
1759 8624
3414 4835
632 1598
3968 5711
5881 9124
4865 8301
2204 3142
2900 8338
1725 8686
2720 2773
7891 9477
5681 7560
2644 8961
472 8747
6896 8533
2152 4851
5040 7025
1405 5932
7701 8655
3068 3190
5546 8644
545 9833
436 2378
4118 4575
6176 7289
3751 6916
3543 4440
1478 9960
1673 2948
7151 9650
8984 9219
2249 9631
4248 9249
2043 6448
6254 8362
3162 6524
4490 9742
717 9700
4631 8580
378 2275
2668 3019
1970 4218
350 9270
6655 8468
3102 9671
8167 8326
1258 5067
5232 6052
6562 8258
1990 3201
2799 5399
6694 9893
944 4483
7756 9691
2594 7955
4736 6324
65 4913
2863 9937
2375 3123
4334 7002
824 7447
1834 3176
6471 9831
6818 7313
1283 3469
275 8698
4703 8800
2442 7068
1388 5581
3300 6885
3291 6421
1872 2670
2056 5285
97 9204
1745 8972
4044 8923
6814 8153
3437 4105
3152 8962
2567 7775
2528 4714
4408 5602
1966 6916
1677 1892
516 7492
1595 1651
2046 5650
6966 8797
6264 9945
6220 6926
1546 1997
9237 9696
4073 4090
15 7206
4241 6785
7657 9771
3595 9059
4491 8586
1231 2908
2674 4600
4107 5916
5780 9456
7234 9517
5386 7554
2528 4389
1197 7986
3974 6380
228 4261
6386 8440
8757 8796
8396 9888
5991 8937
1100 3918
4098 9893
4325 6919
4625 8885
2228 6570
609 2425
1822 7371
6592 8193
6217 7143
185 3771
4284 8128
4239 6611
87 9727
4514 8346
3288 5301
6416 9712
3920 4847
59 7409
4142 9055
2997 5098
5245 5344
6632 7907
10 7331
4285 9299
2642 6855
5449 8829
8326 9877
3610 8410
1686 2448
5884 8098
1364 5266
313 4573
1970 4460
52 8592
413 8585
1350 6968
4189 5934
3373 6162
3209 4802
842 2193
6498 7573
3174 8873
5843 9435
3275 7139
4087 8909
165 9809
1127 8098
5681 7579
688 3940
2833 8004
1322 7728
6629 8064
1954 3866
901 1670
2631 9020
3274 6328
6874 7650
1950 5421
4762 6307
5168 6050
356 7293
91 1192
2627 4690
3434 4947
4586 9085
7610 8427
679 9281
732 3180
2597 4477
2545 2910
4099 9424
3063 8187
1637 2549
7725 8111
7265 8879
1586 7255
2685 4488
6425 6490
1509 9025
6316 6796
1245 2509
612 7236
4179 6269
8194 8490
3259 8243
2725 9320
434 9992
89 6535
1361 6613
2787 4267
1061 1424
1409 9500
843 8236
3201 8280
6804 8238
2234 5817
946 4123
2911 3413
6892 9820
1346 3523
1155 5526
2100 3716
598 7187
6602 9720
875 5092
4233 6918
7092 7731
2586 3690
2038 5567
7956 9810
2849 4593
3670 8069
4121 7185
5305 6509
3428 4075
524 2411
1640 5152
3710 7978
1795 3262
1794 4457
1347 7993
5428 7247
8762 9276
7645 9516
6071 9224
291 8379
1432 4639
1308 7228
1610 3270
2310 5837
5654 8983
4881 8272
3679 4738
1198 8059
2597 8898
1683 3605
415 9411
9867 9887
6100 7836
1244 3382
2496 3566
3450 5273
4493 7403
584 3331
5943 7549
4128 8108
1320 5073
3909 9211
1034 7461
1722 2914
4230 6863
5659 5819
454 4368
667 3531
3684 4693
5029 8888
3665 5459
7160 7512
5611 6750
1200 1690
208 3432
1130 1749
1985 9596
2873 9666
4378 6692
5341 8398
5990 8385
7417 8982
4003 8799
4612 6013
402 8476
2346 3244
1868 2935
5714 9063
1295 6179
8571 9250
2903 3568
3048 9609
1362 8880
1049 8283
5931 9530
7801 7936
3813 4751
4174 7231
1957 6107
812 6419
1706 4582
810 3778
186 5992
1758 2498
4247 9687
4153 7739
1206 5613
1400 3438
2479 3513
5930 6452
851 7816
1632 6340
3146 4311
962 9191
3203 6086
4548 8800
6386 8862
7455 9918
1248 4597
7853 9304
1112 8108
7881 7951
1540 2159
7546 8268
993 5011
3514 8106
3842 4475
3895 6175
6724 8353
952 8149
2561 9474
3002 8663
5646 5867
1138 5307
2044 7442
5151 9717
6794 7736
1061 4013
1492 7377
807 9036
1194 2410
4858 6861
8316 9906
7825 8921
1379 2515
916 5735
4498 8942
5223 6992
7306 8856
4065 7194
7969 9870
5987 6832
4524 8824
3918 6852
4033 6677
2647 4733
4425 6493
2028 8879
3107 3218
139 7017
1418 2299
5163 9943
7050 9149
5237 8657
2160 8538
1731 4972
4864 8498
3673 6389
3416 4438
1246 5965
428 9266
2892 5014
4536 7525
6472 9807
8947 9568
2651 8207
2040 8308
5792 5939
1662 3127
299 5021
2024 8802
2870 6795
5758 6809
2163 7944
2344 7039
5324 6285
3340 6002
382 2399
4542 7830
674 9058
3384 6658
1741 6963
3160 6526
56 5146
4695 5219
301 3172
2768 2973
4675 7455
746 3217
2928 9468
6531 8613
5371 5552
1223 4089
7855 7884
5080 9002
6512 8056
1045 8938
8240 9836
2574 2675
4353 7942
4059 5796
1349 8048
601 9473
4302 9465
7201 9860
6486 7339
606 3946
1540 9650
847 9700
5205 7170
907 9360
3529 4921
1927 6728
836 6756
4069 8331
1833 9686
1674 9291
5 7361
4613 6555
4564 9402
1941 3767
6619 7175
4751 5054
6644 9862
1016 1114
2293 6650
4023 4342
4017 4668
5237 7671
736 9589
2201 7991
4168 9930
6411 6580
2248 4594
1135 7738
9693 9786
1144 5583
2317 3666
979 1968
1503 4465
976 7999
6569 9997
2511 4216
3222 6894
8638 9679
1467 2258
2340 8874
1734 2463
7503 9498
6314 6729
68 95
2962 6331
101 5585
9238 9697
6876 9504
3841 5110
780 2764
5836 9457
2341 5013
3937 9295
2743 4826
77 9773
3018 4284
7490 8666
1800 3238
6265 8826
4532 5166
1202 5413
2927 5091
1805 5511
990 2202
3500 9217
5163 6152
1482 3051
2098 5300
1741 6081
9083 9859
86 1923
1981 9009
565 7819
3070 8403
6211 6808
4027 4983
1708 7519
2022 5726
6113 9456
4177 9653
180 938
2319 8144
972 7901
2401 5461
601 7399
313 1274
9702 9718
4271 9909
3788 8410
4127 7181
887 7005
2707 3580
42 7484
401 7158
4027 7906
1478 4216
2089 9747
4402 5165
8944 9730
6489 7664
3658 5599
1301 2414
3806 6180
1815 9012
2399 8374
146 6860
2014 8733
7543 8160
3933 9925
6680 7815
5487 7981
3796 7004
4553 7593
7098 9520
1216 2500
5156 9402
2246 9619
4703 7268
937 1582
2871 3873
1703 8498
8264 8359
4429 9244
4781 9242
4134 8435
69 7971
4121 6337
2718 3862
6280 8329
5798 5892
3462 8871
107 4720
1735 9800
6523 9383
154 3346
5203 7558
3206 5657
801 1066
3151 6737
718 1964
2124 9674
616 5650
2782 5052
1174 9352
2034 5960
2198 7192
341 9505
2623 6102
6464 7583
322 2476
9031 9766
239 7041
3929 6115
9120 9165
4794 9802
2253 5322
731 2843
1315 9652
1028 2458
2966 9277
833 2160
1330 3713
3370 7685
770 2752
799 7306
2206 4873
2883 2994
1220 2507
1648 6952
2704 7679
467 9192
8184 9957
317 6103
429 2263
4741 8009
3976 6282
3486 8940
2842 5116
4488 9110
5784 5844
2711 7343
3707 9762
6290 7114
2572 9418
6235 9897
2683 3227
3645 4068
4533 5247
3370 9381
8654 9647
5490 5880
758 1193
1691 4548
6953 8343
858 3282
553 8500
1480 1826
1486 9449
3436 8349
1612 4656
7933 8858
1847 7219
5533 8251
2904 9205
2092 7225
2938 6840
1257 6716
5951 7589
2859 5556
823 4147
864 8519
3697 6539
3954 4559
4995 5611
4340 6260
3694 6531
6156 7200
1166 8765
170 8231
4242 5668
1365 7155
4841 5177
3797 7960
2931 9261
6571 9674
1018 4917
1906 3235
5582 6692
3527 4282
199 2717
6927 8555
4820 9955
37 5100
3198 3231
1031 6270
2183 4116
1646 6341
4984 9422
1 2326
1596 3530
6927 7689
4478 8373
904 3832
2494 7707
238 3970
4204 8035
606 8263
2844 8412
4322 6600
1743 7797
3574 8102
1885 5242
5305 5667
1673 2522
1717 7512
1184 2375
5620 7198
3120 8507
3868 5265
4484 5381
5342 9814
2660 6372
540 1780
564 4589
4373 8279
40 7053
5576 8541
1428 8875
5523 7039
8493 9999
2823 7519
2944 3340
4974 8189
3896 7787
4405 7102
6214 9794
6431 9998
1887 6719
5715 6348
4809 5401
13 1872
4569 8557
2125 9921
5862 6422
7216 9374
4180 8546
4795 7301
5241 6630
4149 6587
8404 8891
1481 6326
29 4877
1959 5687
4326 8051
1174 7663
2460 4205
327 9775
3875 6073
296 4312
643 917
6410 6508
1874 1897
7980 8391
4748 9529
2339 7287
1070 9376
615 9390
2328 6806
625 6530
7745 8706
3221 5816
3704 7379
3022 3942
2384 3221
2679 2837
2284 3676
2808 8280
54 6892
1292 2891
6537 7580
6875 7043
6867 8531
2794 7647
452 5319
6456 6463
917 7795
2933 7507
7089 9538
5603 7619
2551 5837
841 4470
5408 6612
1541 2970
2819 5690
1230 9750
2703 4266
5612 6495
2397 5672
2226 7952
6257 9528
7210 7604
4587 7341
1678 9844
2485 5196
307 5587
5539 7896
3758 7136
3994 4846
8058 9806
6135 9421
229 6131
4717 8087
3108 4651
617 5487
19 9413
390 8312
1505 3518
6207 6485
3712 9776
560 9300
55 9104
4399 5086
1823 4888
1230 3491
1604 8199
2329 7876
3660 4362
2294 3937
5450 5542
1048 5919
1899 9874
548 6370
6837 8468
5058 6991
8914 9169
270 6572
2472 7400
8433 9609
1282 8842
2780 6949
3662 9220
5598 5636
6058 6891
4781 4928
7285 8727
261 7355
1721 2282
5673 9756
411 2541
1408 3071
4325 9640
172 6029
7404 8730
4441 7253
7271 8224
3241 9593
2257 6634
6954 7761
5459 8189
2501 6077
4254 8269
1205 6533
578 5313
3627 6184
1514 8294
2713 4423
2391 2644
888 7700
328 9240
1177 2706
5788 6250
5354 9621
4533 6146
6665 7485
5697 6854
2720 8333
4362 6381
2380 2561
6161 8357
2050 4947
991 2779
1924 4860
8351 9400
4234 5166
3564 9245
1164 5553
1239 5826
857 7696
1551 3282
3520 9760
1577 2940
775 3691
4834 5856
1655 8323
872 4530
121 7482
856 1361
2475 4534
3732 6078
3483 5669
1508 7842
5060 5655
3992 8357
402 7682
5023 6093
1745 7559
2470 4108
2624 2887
5545 6522
3630 4384
3777 9534
2086 9880
8001 9521
322 5195
3570 6394
5422 8809
1413 6322
7479 9546
787 2970
695 8566
1482 7931
1566 4000
6292 7206
3179 5730
2233 6554
2862 6819
7220 8006
4938 9537
6887 8836
1532 3836
378 8703
3369 6968
981 5173
2818 2961
7164 7939
1321 8492
7073 9676
5633 6734
1203 9509
3058 5308
6693 7392
1767 7132
5197 5663
2485 8985
2742 9527
3656 8284
748 9493
437 8584
200 8809
526 6606
6338 7698
4642 7400
694 1698
6213 7541
5102 5457
1206 7674
4975 5875
3093 9155
920 8701
951 1953
2274 2719
1095 8505
4257 9908
4819 6396
780 5967
589 9014
5704 7181
5041 9038
4240 9855
3431 3898
3025 5179
329 610
1941 8816
67 6782
5252 6557
5642 7899
2309 7986
4054 7532
2256 8691
220 2758
7398 9831
1470 4922
5894 7821
6032 7583
4356 8870
3245 8142
5795 6431
5915 7323
1984 8453
1567 5759
1521 8792
3760 9507
305 2199
624 5410
586 3198
2751 6172
281 2820
3143 8719
5035 8039
915 8275
7762 9076
2121 3630
8629 9365
4540 9575
127 2181
2947 3733
1109 4685
3168 9480
6088 8456
1921 5905
6340 9898
3706 3708
1450 4396
2875 9349
1366 3540
4046 9871
3023 6097
1385 5157
4114 5606
2690 9739
106 5336
3775 7353
7760 8342
3930 8181
6321 7390
6575 7124
6951 9654
4545 5558
9038 9523
3167 9599
4020 6201
1247 3773
4085 6171
571 3813
1825 2128
1735 8360
1590 7124
197 6241
2701 4913
2212 2963
4323 7620
156 2549
5980 7566
3354 3961
3700 4747
3148 9286
1532 6076
1487 2639
1746 5006
786 5160
5974 9331
1440 6745
1320 4298
7648 8547
4581 9489
659 7778
4994 5000
1580 2236
1780 3897
2295 9535
31 8479
2542 3413
8944 9494
2568 4279
5181 7178
1390 2616
1907 2814
776 3778
7711 7862
5816 8392
6304 6510
363 2750
1498 4761
206 3957
2134 5276
3521 4812
7495 8269
595 9115
2552 4848
3031 5694
4247 4839
2995 5744
8385 8916
7128 8216
3140 8714
5281 6558
647 2897
418 8544
4361 9163
1889 3522
1799 2483
1510 9472
1392 9890
1254 9069
3456 9724
7911 8552
1619 9624
892 8426
2508 6975
577 5260
7572 8266
1332 5944
7175 9847
4238 8416
131 8424
212 9757
3948 4151
6056 7195
501 7653
881 1661
321 8902
25 5641
1994 2977
8235 9882
6957 8620
670 9647
2320 4591
3799 9616
448 2264
4579 9867
1770 3619
6442 9205
3408 3694
3561 3957
34 9261
4041 4110
1749 7239
77 4652
2583 9074
2108 5097
4094 5638
1676 8986
2904 5318
964 4136
6757 7269
1271 7466
4718 7548
640 9116
3436 4010
1384 7221
3470 6865
1524 7034
6346 6788
7264 9413
6846 9932
1298 9050
9047 9976
1582 6552
5068 9123
5962 8007
6230 7867
4109 8274
1410 9471
2119 4255
3776 6216
703 4850
5409 7542
2332 9897
1522 6882
3661 8324
1759 3506
357 5097
3823 8038
1474 6533
1782 3593
3519 5791
1855 5923
2465 4295
5913 8369
5798 7802
371 3147
3846 7373
3542 7419
6430 9607
50 5508
7059 7205
539 4184
1695 6878
9350 9615
2744 6727
4927 9701
2975 4802
4317 4610
573 2606
276 6355
7113 9055
9253 9770
6595 7163
487 2795
6690 7020
1748 5858
7407 9398
1393 5984
3607 9370
4829 6928
6404 9949
2733 7524
4910 7385
3238 8015
2809 6267
396 4405
1947 2705
2885 3961
3830 9698
4147 6027
6589 8205
4510 6504
193 3831
3081 9022
5416 7702
5349 6571
3047 6036
457 7550
941 1256
7204 9938
2314 4476
2829 3295
1519 6390
983 6125
960 9958
4524 6907
3801 3922
205 6784
3339 7366
2360 7122
3197 4208
4789 4866
1437 5918
6426 8330
2955 3169
6507 8313
1504 3915
5750 6202
1439 4355
609 8017
157 2481
2265 5649
682 3740
3166 3502
5085 5862
338 7465
3951 8657
598 4341
2436 7270
7879 9384
8840 9132
6345 7985
698 8029
3381 4984
1466 2353
3731 8176
769 4231
722 4176
2648 5644
545 8958
502 8610
1883 3320
6616 7028
415 1231
3101 5600
4868 9481
6000 6025
6136 8436
6279 9185
1238 2699
5318 7315
6054 9797
1923 8782
302 6411
6615 7120
632 8756
5509 5836
1260 1628
1796 6596
2018 8877
2446 2520
4863 4970
2400 5998
2641 8226
1772 7086
1186 8317
6694 8485
2781 5103
6241 9417
2297 8486
7675 7772
1632 3368
665 1038
1865 4558
458 2167
6089 9973
4856 8022
1217 1936
2373 9334
3269 8752
6383 6618
1508 7772
6102 9272
855 8310
2716 6999
4235 9092
4217 9333
3804 5126
216 9468
4117 6483
8704 9791
6514 9308
3598 5379
5290 6799
4234 4467
1375 2063
846 6279
1871 8361
2611 6485
8114 8793
2601 9881
470 3017
5941 8080
2062 9378
7699 9060
1948 8180
2836 6470
4474 7705
7742 9695
3072 5953
7210 9051
3253 8000
774 9097
683 8311
3803 5034
3462 9769
3467 6790
6646 6683
324 4437
1987 4766
479 3079
4463 6379
6758 7507
1516 2462
1511 8561
2188 8145
4585 5108
7 6293
6361 6579
3141 9337
689 2025
766 4304
1068 9087
8 5776
1357 7230
6185 7939
6960 7399
9045 9058
3533 5899
5084 9501
473 4426
7338 9816
5299 7840
1319 3468
3375 3960
4906 8528
7163 8960
3029 4756
7001 8443
3534 4389
1963 5750
723 8099
1327 4889
377 9328
2261 4269
4098 4338
2434 8464
1509 7777
4355 7903
2827 6739
2694 9340
247 3329
2240 7741
4190 8408
2321 4425
5753 9269
1270 8144
2352 6381
7658 9354
1067 7257
1547 1837
6351 7143
6821 8708
1712 5183
1515 4372
3647 7510
5260 7697
4192 9431
4364 8133
4401 8577
192 8433
4769 9164
6678 7763
344 2395
2442 5194
9162 9241
4445 6608
3749 5972
6375 6909
1443 8402
3190 6572
4333 9114
2489 4967
6407 8788
551 1991
2111 8956
3840 6211
163 2838
2547 5666
1588 9706
7100 7286
4745 5027
9135 9725
7244 9656
909 6605
6374 6546
1379 5009
5116 5572
2369 5499
2172 7402
5708 7070
789 3898
7618 9632
7751 9371
5869 9443
465 5855
7486 8401
5708 7202
237 9122
3993 4859
6600 9386
945 1280
6869 6980
3257 7180
2118 7899
4570 8687
1968 6908
797 9330
5200 8601
1037 9817
4188 7282
3719 9749
4648 9220
1677 6613
1291 5745
1666 4172
5941 9753
6329 8764
648 2231
3251 7628
1953 4682
5517 6809
1402 2537
2647 4997
2377 9026
6078 9366
152 1658
3852 7643
5376 5849
231 4904
7533 8397
274 504
2988 4378
2400 6697
1928 6721
3868 8675
2638 3001
1789 2937
3000 6713
605 4871
7666 8869
2185 4907
6806 7419
2286 4520
738 4959
1724 2705
683 4715
5406 7725
1672 6990
5787 9871
4071 9636
1306 4590
3165 8281
1937 6222
7171 7923
1207 6195
6662 8255
2388 8462
7243 9646
4332 8276
1840 7504
3215 3460
3066 7366
1165 9340
116 9411
2773 8150
308 9657
2695 7376
9111 9641
342 5324
3567 9130
7115 9892
286 4999
3113 5146
1129 4646
1041 3128
1571 4686
2994 4038
669 815
3569 7427
7673 8319
2087 2576
5594 6248
660 4687
5678 7844
1088 4059
1045 3222
4344 4750
8261 9808
3127 5334
1213 2959
4873 9985
4915 8240
3010 7361
1747 8678
4512 7130
9292 9830
1170 9168
831 5435
4161 9947
7056 8573
1310 8395
7826 8840
1002 4799
166 2318
3850 8978
1781 2569
4874 8717
588 8344
1730 3391
657 5012
301 4390
8825 9423
6085 6433
7835 9317
3223 3765
1554 3726
7123 8000
2072 5924
5464 7093
1578 6333
2403 7592
6379 7240
7351 7995
4330 5767
3906 4932
905 8335
2176 8278
5707 8914
880 5018
2162 7570
965 2193
728 9911
1648 4819
1163 1896
1686 6580
1858 7046
3907 8292
3689 9109
69 1888
5107 5228
3448 7566
6 3857
3349 5300
3734 4711
2480 3675
2224 8135
2786 6482
4821 9101
6548 7332
499 7885
2687 4926
4961 5944
1125 6984
6878 8344
386 1667
2996 8033
5599 9840
6486 6965
5786 8917
3440 5947
4906 9184
1752 7051
4729 6228
8876 9597
3941 5921
921 9182
4652 7090
2217 6780
4527 6924
763 8438
6227 7071
5596 5972
1211 6083
5115 6800
5779 6602
4763 6046
2525 3584
5529 8018
4334 9437
5761 6529
6051 9613
2404 7249
1069 8405
1523 4534
4546 10000
5539 9372
1905 2596
6272 8661
6215 7302
698 2226
4422 6327
1740 1743
2307 3135
1530 2502
387 2263
3150 6624
1681 2801
7637 7734
6434 9783
1685 3247
3811 7531
6315 6989
5203 8767
3747 8378
5804 9216
9102 9567
6190 9551
2956 9461
676 3771
911 2929
1698 5042
2271 4461
1945 8026
2373 9321
2440 4271
2361 6543
5977 8484
71 435
4109 5685
2367 4556
6370 7376
1007 5382
591 3599
115 4446
3858 9741
1221 7750
3054 5683
4566 4932
1790 1936
3040 7125
148 5425
2992 8028
75 4727
7051 8300
2650 8455
2841 6836
105 1353
169 4294
1218 8123
5974 6917
319 4708
2619 3014
391 5808
1766 7924
1858 4161
2157 3187
1233 2632
5614 9053
5575 5929
3302 5492
446 3822
3233 9498
2355 3154
2802 6303
3923 7222
788 1992
1014 6652
828 9940
2660 5525
106 255
712 4119
7104 9615
7096 9708
6993 9685
3963 8457
3611 9722
456 9229
2762 9716
3295 9608
3602 5205
672 4386
1316 3960
2659 3048
3390 3912
1712 9210
8422 8725
70 448
1647 9296
1356 5372
7877 8434
3008 6477
7391 7833
841 1529
4258 5480
591 7621
4689 5198
4654 8600
3657 5213
850 9106
1573 9805
3372 6098
217 5248
1891 8158
1170 4790
7359 7578
3924 6354
3839 7562
6852 8002
7841 9304
7450 9035
862 4880
908 6779
1981 1985
7639 9966
3998 6672
6040 6525
5739 5953
285 6455
1602 4562
2957 5894
7173 7393
384 7676
7984 9281
3307 7316
771 3870
4120 5111
2123 2304
1689 2379
2708 8898
67 8041
5019 8670
3328 5644
435 9745
9107 9248
8423 8548
5934 7727
5675 9048
8467 8488
1085 8697
1664 5503
2230 4765
97 1299
2568 2729
6019 9772
7397 9872
7471 8340
7462 9028
3544 5104
2099 9949
304 7547
2738 9005
7718 8411
339 768
1082 5600
8262 9634
8103 8924
4964 7796
3641 4715
5491 5933
7149 8621
4977 9294
269 8373
809 2010
7565 9215
396 5025
4637 6703
1357 1634
5426 6801
2403 9938
6042 9885
5660 9920
5591 9870
417 908
2368 6500
4624 7718
2336 7096
575 7501
3738 6872
1463 9660
7468 8305
7503 9489
2441 7948
6133 6424
3388 9348
392 8668
4291 5089
3431 7103
1794 6311
7159 7943
5388 8329
4264 5997
4886 6612
7636 9693
2493 7949
3499 8619
4824 9970
5010 7537
4167 9648
2821 9670
422 9820
5222 7918
7667 8182
2455 6644
1483 8291
1791 2150
5507 7368
2159 8431
335 426
2769 9815
5144 6842
3171 8775
166 379
3983 7814
785 3743
3734 4583
3577 8168
4054 9541
347 3686
4495 8931
1318 9395
2009 6015
4441 7626
6359 6550
1079 6717
6186 8650
3175 6511
150 731
6174 6413
2080 9716
2538 7990
1599 8540
1707 6821
3999 5710
2081 4949
5467 9186
2882 6514
5615 7437
593 6795
1438 1692
5985 7147
6614 7348
2328 4211
693 7744
4871 8870
1812 7054
3207 5535
2381 4986
999 8439
2575 5108
104 9108
1079 1815
817 2009
1639 5473
1649 9879
1718 3836
1572 3482
1900 9237
2736 8484
5052 6384
2662 7236
1565 5697
1609 6338
5291 6223
4818 5248
6418 6649
6838 7661
4658 6465
6502 9432
7999 8838
640 7689
6458 9264
1269 6104
5330 9436
5292 8235
834 3761
2575 3541
4045 5807
222 8517
4180 5986
7779 8845
8513 9396
996 1995
2007 3667
1435 9305
6988 8828
2177 6444
6501 8175
2626 6363
4039 8655
13 4410
2965 6773
298 2700
2242 5843
1219 6586
1317 6855
6417 7753
5878 6029
1458 2702
1057 6167
4553 6473
298 667
2113 2666
8512 9194
821 2123
5234 9040
664 8878
2909 5038
1097 7268
463 2244
495 3586
6747 9283
916 1517
3914 7146
1145 3442
8124 9459
3572 4836
3230 8161
2939 4011
2963 9202
31 3531
1461 6816
9128 9434
3910 8469
4849 7627
8386 9289
1824 5504
884 8699
3473 9036
1003 6385
2905 6033
6201 9080
4367 5486
5126 5242
3802 4238
3792 6260
3620 6871
530 8132
3122 4158
275 3046
8658 9075
2669 7258
5586 9788
1792 5253
4566 9665
321 1934
1157 8109
3616 7756
2356 3429
1555 8603
961 8939
3208 3528
3152 5072
8011 8375
87 5492
3017 3312
3724 7279
8671 9592
1269 7791
5383 6456
149 8129
6726 8338
7069 8358
2306 2726
2678 9548
734 7846
2231 2257
3452 7917
5725 8095
4344 9880
8905 9573
128 9533
4831 5064
288 3588
1979 8578
2668 8179
1076 7042
2696 8472
1363 1639
635 8784
6426 8402
366 6183
4647 6256
4572 6661
6497 8061
970 5869
1062 3045
1135 8776
6578 9544
1335 2984
1700 5355
2682 5025
4231 8314
4814 5693
2973 8773
8142 9908
3408 9563
5592 8137
2795 3977
80 3689
359 4042
3754 6538
2352 3742
2056 6848
1044 1214
4328 6619
4765 8710
797 7275
949 3131
1314 6259
5358 6634
826 3879
935 3363
1617 8172
2947 9945
611 2425
9363 9684
2203 4576
4668 8201
6325 9459
5961 9441
4016 6308
1581 2344
7147 7502
3204 9028
3404 9692
2894 7164
6273 9729
4126 8141
962 7755
5548 9580
2295 4737
345 1471
930 8325
1249 3480
3375 3525
3947 4835
4828 5606
8421 9133
243 9422
224 7499
1224 1693
2477 2901
3955 9188
1228 7535
6717 7800
6957 8432
4698 9531
4598 7538
1427 8647
1150 6376
1589 8529
1262 4663
7477 9368
983 1942
3236 8366
5578 8348
6232 6399
3728 5179
5822 7803
1729 4267
485 6238
8394 8596
3357 6446
4043 5293
6574 8970
6995 9265
8546 8660
3603 7045
135 9651
5445 7655
2742 7576
3168 7491
837 5603
3439 5015
328 7912
2445 3000
610 5832
5256 7071
2005 3241
1371 6249
3664 4250
23 4921
8685 8857
5204 6873
7275 8082
4518 5811
2267 9469
1663 7104
614 7027
930 8616
7443 9533
3004 9083
8112 9673
3840 6611
7422 9920
5584 8205
3893 6808
3220 6929
3787 7906
3 5796
4320 4752
5229 7434
2731 6702
8033 9356
4479 7991
704 5879
4630 4861
2170 5222
3191 3415
3412 5444
4191 5769
7144 8239
2883 4965
7942 8083
22 2133
5970 7859
2661 3072
2381 9714
1126 5683
7757 9353
1448 5561
5003 9056
7859 8689
6364 9602
3211 3757
4169 6979
3945 4471
8026 9767
989 9973
2536 9882
3650 6045
5696 6976
1717 7233
5883 6671
5605 9355
5271 6353
1029 4359
5571 7389
6023 7653
4283 5545
727 4777
3385 8846
546 8606
2407 5416
1054 9917
880 8867
2420 4925
661 934
3043 3944
6563 7434
2579 7556
4980 5351
3476 8027
4743 9222
6350 7677
6315 6971
1521 2041
837 5794
1285 3544
1567 9813
4657 7066
1102 5764
1638 5430
311 476
857 2335
2596 8954
5562 8950
1664 9584
4381 5297
210 1440
1483 3936
1336 2920
3161 4141
140 7219
834 8023
7571 9775
103 2726
2511 8967
711 2006
7031 7189
1459 4599
1583 9879
242 3680
1033 2570
6198 6469
6428 7003
675 2149
2497 5771
1554 8381
897 1452
1426 6007
7352 7975
3637 3772
4116 5493
388 7851
408 8794
1449 5290
302 7764
2260 6271
1856 9040
599 8724
489 9282
8906 9704
3727 6752
146 5102
5089 8090
4749 8254
2112 5891
5292 8611
2841 4375
1499 9345
1250 2327
7607 9020
1726 5662
623 5011
7644 8994
2421 6593
2066 4417
6284 6420
4005 9466
512 3261
2548 3777
7320 8664
2942 8555
5712 5887
6527 9128
3188 7426
5164 8928
1692 2150
9186 9787
539 7796
2020 7856
1363 1973
3905 6992
1825 3130
6249 8909
3009 5997
1579 2967
1702 8229
5839 6607
1916 7994
3737 3800
2177 7769
1868 7642
4190 9677
4900 6988
794 7354
1600 3278
2484 7439
3428 9336
9547 9626
3956 7533
6645 7809
3691 4112
1274 9268
2290 7813
1196 6858
195 2898
3789 4771
5544 9355
3617 4960
7441 9621
241 3503
535 4736
114 2026
557 1068
5923 8672
5442 8120
3652 6130
4544 4789
1391 8198
6240 6557
3406 6898
2936 9423
5525 8425
3744 8880
6187 9440
1479 5202
4723 4933
5695 8524
2070 9986
3049 5746
708 4401
1657 2491
966 9979
814 4579
684 1046
2847 4034
3425 9122
421 7824
1336 4735
5904 7044
4126 5344
1876 6293
2991 4721
7476 9535
2322 9391
4173 8320
1116 3774
2389 5890
6256 7907
1374 8428
144 9119
194 7857
466 7937
819 5908
4740 7165
5790 7691
3333 3383
6708 6959
3958 7126
3055 7077
1348 5289
258 2273
6614 7808
1158 5702
3646 5113
596 8572
5217 8875
1760 7928
1528 3334
2946 8667
4181 5501
2093 7371
589 4195
6197 8516
3920 4132
8622 9207
2261 7131
2532 7914
3105 4720
1518 3384
4133 5981
8599 8933
514 8682
1207 6920
6153 9832
5692 6095
1626 9056
1124 6253
4145 8837
8089 8486
260 2033
1476 2943
5035 7061
1309 6165
392 8518
2681 4996
6395 9318
8792 9303
1821 7852
2818 6198
1925 5184
1398 2114
624 7011
1911 5723
1344 4164
778 4592
1286 9146
6291 9405
350 3709
3117 6591
1407 3818
989 8811
5284 5716
4968 5879
724 1645
6645 8806
3600 8103
1594 8889
3098 9223
2920 6048
1323 6731
1031 6617
5478 7049
2303 7706
3858 7643
6032 8230
1561 5742
4797 9713
4517 8282
2096 9335
3266 7369
737 1470
4634 6782
160 1351
7750 9902
421 2405
6719 9698
730 5521
1277 2917
642 2563
7056 9155
3485 8160
4486 8215
2649 3582
2019 2255
270 6096
9160 9206
5827 9625
3633 9144
1287 3075
1545 8619
357 1358
17 3729
1811 5639
3952 9683
5241 7048
108 8786
735 1795
9 2665
3826 8500
3741 4779
3042 5692
2441 6544
500 7145
494 1190
3263 3695
5145 6228
5734 9748
233 8612
3509 4078
1917 7535
1840 7908
4915 6777
5824 9623
1294 7861
877 8768
4603 7743
3194 4273
767 1086
1497 8810
8455 8765
899 4708
4549 9270
6696 8029
818 8897
1148 6074
3097 4640
295 650
336 4227
7237 8827
5359 5632
7935 8067
451 2776
8093 8336
3926 7556
5079 8753
2710 6900
3622 9016
5208 6962
2640 4143
218 987
4957 7267
3178 5701
4445 9075
1926 8241
4987 7081
198 982
5456 7037
4614 8523
2824 8466
3450 4001
2291 9455
3562 7166
2504 8257
8835 9805
383 7633
52 165
2810 8393
5510 7658
1898 9460
3202 5536
498 505
573 3342
6359 7978
1319 3973
4320 7981
572 7050
824 5481
2037 8270
2153 4115
355 6796
5983 9578
3730 4335
984 6876
1316 9597
1113 3165
3407 5071
3284 8005
1101 6828
1999 5213
7179 8143
247 2534
4088 5658
760 5479
5230 7445
412 3116
3801 5294
1493 9744
2495 7296
1697 2612
4971 7199
6063 7871
6643 9092
5705 6658
7412 8436
6295 6588
3921 7774
121 8588
1998 8634
4314 4509
5830 9082
429 9684
626 8695
1215 4852
7527 7784
2287 6057
41 1535
4324 9651
289 5485
5168 9112
2637 3975
6502 7715
3073 9049
3498 3903
1986 3218
9127 9883
8692 9886
293 600
1374 5577
3283 3398
5834 5846
4160 8182
1304 9240
4679 4788
246 9619
176 714
3770 8757
3415 5840
2457 6116
4492 5438
118 6121
654 9158
2982 3235
2516 4448
3798 3827
8447 9064
2121 9042
454 3486
9188 9469
789 7112
5211 6649
2013 4293
6475 9754
1367 8674
1413 6239
7982 8651
1429 5422
5119 8732
7715 7997
3323 4563
3956 8379
6129 8062
1032 3296
569 2833
2490 2969
1603 5144
5919 9158
3273 6367
5155 5164
2171 7983
631 8015
2268 4249
943 1601
3495 5801
467 8543
5350 9244
4900 6376
1740 4272
947 8612
4955 7968
918 9325
4555 8371
1993 4139
5502 7158
7344 7932
5273 8795
5325 7490
6570 6811
174 8178
8215 8701
53 549
527 6126
213 3056
248 4364
1441 1848
5971 6763
1537 4415
6668 9958
4604 7732
7609 9960
5771 6791
3169 3745
1994 7616
4080 9150
7372 8662
4428 4679
1553 2370
3839 7826
2186 9891
1259 5763
6866 9680
7511 8184
3988 8299
1675 3125
2043 2669
3271 3768
1064 7835
1574 2872
1769 9680
744 2857
919 3621
1332 7452
2156 4375
982 5120
5640 9495
2737 6087
7109 7594
8155 9470
1410 6749
450 5537
5293 5717
7792 9946
1119 5313
4276 9622
2071 8437
3537 7457
1630 6577
2088 5234
4905 5226
4088 4784
1644 7141
5049 5866
3796 5088
6461 9252
655 7552
602 6072
8161 8313
3842 8442
515 2363
4666 9326
4513 5716
1980 8717
6385 7442
1641 7458
5691 7068
14 4944
1723 9644
2876 9926
2914 3985
1976 4609
5162 8748
3795 9152
7167 8408
8077 8104
4138 6518
1431 4549
7368 9695
972 9018
5147 7345
2106 3344
8296 8700
7435 9426
1966 4006
2438 2796
3975 6423
967 6987
3563 5662
2134 4278
2308 4757
189 2691
4612 8656
76 4246
2165 9593
1627 6915
1082 4817
1173 7776
259 4805
1931 4175
4095 5724
1821 9025
5053 8495
177 4663
4412 9812
4573 7797
4592 9390
1137 1184
51 2547
3347 5624
1762 8578
4288 6761
112 4758
1495 2667
3987 9627
2852 8037
4052 5773
1960 2706
7317 8169
2770 3978
8085 8860
2316 9915
2571 8930
8896 8998
1386 9246
1975 6586
800 6305
6595 7509
1030 8899
5069 9138
2843 6804
4150 9094
5280 7833
4065 4315
3268 7644
2046 9080
8441 9167
760 5996
4262 5175
7691 9601
3753 9565
2910 9968
6482 8915
6219 8877
2042 2613
3851 9401
889 2401
1861 5831
2133 5728
5935 9344
122 732
4286 4870
1983 3061
2902 5854
577 695
2979 8242
4071 6343
3114 9405
7481 9319
2761 9868
7263 8345
4615 6282
477 5039
3835 9589
1300 8567
3294 3376
3621 5379
2210 5267
4156 9341
1706 3997
2894 4749
3702 8777
923 2214
5017 8460
1878 9779
3855 4183
3539 4793
7531 8710
6314 6484
3005 3251
1058 8336
5945 7299
8834 9277
1566 5211
3911 5743
677 3702
1511 5896
1839 8897
2703 6247
3844 4078
7464 8527
465 3678
1003 2016
600 2488
7938 9599
7440 9970
2296 8458
5020 9571
4092 9818
6182 6833
563 8918
4485 8754
290 418
1171 8390
1468 7959
522 4896
3703 7576
5212 7724
1008 6347
1437 9604
2402 5360
796 5932
109 8246
7622 8934
2192 8407
5283 8588
5061 9252
3931 4790
2804 3628
1782 3360
5383 7818
3654 9764
4810 8540
2626 9445
8956 9511
6818 7195
2225 2715
61 2735
508 801
6574 9239
1161 1544
1307 6851
2326 8164
4122 7732
6075 6802
5518 9258
2891 3290
1007 8489
5094 6092
2214 5573
5266 9288
458 6958
4289 7793
1973 4569
853 3281
7629 8890
1927 5560
6784 9310
6856 9543
2396 9438
60 5391
1036 3625
2467 8853
167 4242
1214 7300
1066 3246
2251 2495
680 1789
5195 5391
5227 5256
2658 5608
16 998
1059 7625
4019 7872
1026 6296
2221 7334
2865 5105
153 308
2689 9211
1081 9969
3934 4473
3545 7281
4388 7998
7748 8821
6430 9159
6196 7460
735 8563
4053 5424
1389 9419
7827 9726
4722 7197
3860 5828
4505 5315
385 1575
1606 7456
536 7688
4469 5321
6663 9715
3570 6478
5746 9923
1949 7040
2004 9157
8442 9995
3496 7119
3300 5595
7007 7888
4170 9069
7083 7227
5781 9068
3035 4274
2097 6450
1479 3087
49 203
2138 8983
7354 7459
6944 7058
4767 9662
5645 7283
1559 7787
2194 2345
7273 8214
6467 7152
2187 3949
2418 3081
2683 7908
5137 9561
894 7235
3512 8318
2679 7054
1944 3548
7060 8192
380 6028
2580 7233
2831 5204
5458 8082
355 7735
3550 3932
5870 9047
7723 8089
644 6382
1433 2073
5909 7975
8286 8766
7101 8147
389 9166
1577 3319
4617 6687
3197 7113
3799 4974
1778 3783
929 3827
1015 8187
5064 5206
1610 5420
7804 9145
7038 9600
2536 2999
433 439
7383 7767
1808 5920
2766 9637
2078 9506
1404 6261
3859 7630
3482 4556
2075 3671
3565 7294
2735 3305
3327 6812
1043 2032
1354 2542
7960 9136
3908 5427
684 3834
7365 8013
1226 6905
752 3591
4000 7887
1886 3568
5575 5897
486 7443
1497 7444
261 5892
8641 9461
9659 9918
1369 5264
1117 2245
5262 7312
1101 9072
4160 9444
2543 7984
2521 5023
1705 6891
3330 3884
4210 5220
5387 5878
3802 5360
3807 5922
8873 9368
2317 6141
5368 8360
222 2030
104 7016
4319 8452
9595 9737
3625 6046
221 1083
3894 8290
656 6523
3902 4469
5574 9332
205 8688
2654 5465
4897 7137
876 5079
2857 9637
4762 7518
4689 7271
3516 4369
5238 7258
4447 6446
8422 9229
1099 9515
9222 9905
1637 7913
8515 8610
4692 9374
1613 8443
773 3493
2218 7954
1969 4645
