500 500
4 320
112 203
197 263
282 378
175 206
106 152
103 457
26 219
137 472
253 396
41 161
14 63
220 395
199 440
245 377
453 484
218 256
105 166
311 389
359 447
186 374
194 333
317 475
245 471
272 384
343 346
212 353
13 436
264 310
468 488
154 399
95 147
84 463
281 409
50 249
234 293
12 29
74 145
165 227
135 302
314 321
159 351
142 351
30 286
32 349
314 319
37 42
30 151
77 444
115 128
123 404
101 205
124 278
6 375
286 461
2 255
44 332
222 457
168 492
360 432
225 253
277 478
92 261
100 378
40 116
126 148
467 495
98 489
247 430
196 363
53 201
202 398
191 254
117 171
344 454
45 65
120 327
19 416
160 259
151 483
188 459
11 251
12 335
193 489
213 309
121 185
23 491
348 466
204 322
302 401
268 285
119 215
411 460
385 424
71 265
452 481
133 406
89 361
268 458
246 333
110 139
178 379
120 201
55 407
332 427
214 230
159 439
121 241
73 353
281 478
155 156
293 433
18 372
18 350
21 183
171 190
243 474
118 374
43 273
433 455
102 169
292 452
23 274
72 225
54 435
189 313
238 257
96 315
8 312
217 391
311 368
56 423
392 399
41 164
105 338
70 406
130 170
48 367
310 349
111 198
161 208
98 355
57 76
7 127
119 165
298 429
70 256
125 413
10 200
144 496
150 274
309 425
175 272
262 340
414 472
158 430
34 184
176 490
269 319
81 273
33 239
480 497
227 477
291 410
168 379
325 404
50 305
42 187
59 469
15 185
72 431
116 487
104 207
111 123
22 381
132 384
252 346
288 340
208 392
198 486
77 282
60 91
306 366
131 413
17 420
251 341
49 178
334 361
107 303
84 344
27 91
129 261
16 112
287 383
93 284
52 425
164 377
328 499
437 494
68 494
19 347
69 465
217 354
58 449
235 365
43 212
279 324
167 469
90 267
92 320
146 334
83 475
269 490
31 388
390 500
446 497
144 301
248 455
88 167
292 358
99 195
241 369
205 362
303 434
246 418
418 470
162 312
422 498
233 236
139 385
371 466
61 482
323 376
118 291
465 467
85 228
403 412
99 450
46 445
22 78
9 438
337 402
90 188
307 445
172 270
102 438
71 487
5 345
107 128
55 318
15 133
31 80
96 357
86 117
75 477
134 223
301 407
61 462
316 386
93 358
1 339
149 417
394 479
113 180
280 484
138 297
145 304
255 387
88 108
298 480
275 345
387 481
317 322
62 295
73 435
97 453
313 382
229 296
403 408
321 396
52 290
66 276
114 402
11 132
331 461
136 194
203 250
21 163
223 283
192 500
69 83
326 431
179 215
17 448
290 324
25 326
28 101
86 360
113 464
247 352
65 352
148 204
338 419
24 59
260 443
437 485
297 386
200 405
173 479
219 280
48 267
27 336
51 155
174 400
363 393
174 210
38 441
231 275
211 285
266 277
97 356
242 492
153 239
74 337
328 395
450 456
177 381
14 432
143 491
126 224
370 462
199 250
473 498
267 499
390 459
414 473
108 382
54 380
4 230
82 408
20 89
109 307
146 442
265 493
3 294
3 323
359 424
104 372
9 441
80 300
176 218
270 388
393 483
124 376
157 383
187 434
20 373
110 231
78 138
147 410
220 405
240 279
196 416
33 336
242 444
209 232
156 429
153 263
262 348
64 278
362 451
24 460
38 436
16 369
182 289
380 426
330 443
94 454
67 177
94 137
141 394
181 237
249 446
299 364
62 248
131 157
57 428
232 355
47 415
271 409
134 468
26 95
308 342
158 342
182 482
264 456
135 252
327 415
283 476
44 87
90 244
214 474
67 122
109 260
330 391
224 389
229 237
66 398
5 426
193 476
29 136
276 365
8 316
114 143
294 440
152 315
329 442
179 354
234 419
76 488
305 427
258 375
47 189
166 216
79 371
39 150
195 423
115 206
140 295
36 149
368 397
87 211
81 209
45 486
6 370
7 39
210 213
162 180
400 448
221 287
244 367
226 350
35 451
79 304
160 411
197 439
172 420
46 356
32 343
49 296
60 183
56 412
122 421
51 288
140 169
40 306
173 222
125 254
228 238
181 495
192 458
2 259
37 186
308 318
170 325
13 240
257 284
82 190
142 464
339 485
163 235
191 331
329 335
28 366
68 258
421 463
221 266
34 422
127 271
289 449
103 447
36 428
100 470
35 53
64 202
106 347
154 226
207 496
85 236
63 471
10 129
243 341
1 364
130 141
58 233
417 493
300 357
25 373
75 397
184 299
