10000 10000
2847 5601
636 7291
2653 6134
7886 8981
664 7523
1316 9483
370 6129
2587 4362
7058 8898
2187 7709
4561 4628
868 9782
6970 8398
5237 8393
2924 9384
3769 3805
764 8364
855 3893
4539 9508
3065 3857
3285 9767
2036 6725
863 5753
6856 9600
1741 9937
4749 9801
4165 9400
455 4809
4367 7072
948 989
7425 8401
4119 4888
2180 4635
3960 5581
3497 9947
830 7837
4901 7317
2478 5406
3909 5135
1876 5662
1714 9298
7006 9194
1355 9594
5868 6454
4565 6205
6354 9932
334 478
2050 3282
2159 3338
5958 9219
8767 9317
6934 7974
3532 7780
2532 2812
66 8548
1765 7115
188 2117
1687 4940
7859 9477
5714 8873
2061 5464
5189 5559
1072 3537
2389 8393
1782 2901
4853 7745
2144 7045
821 7959
727 4012
5722 8742
7148 9771
1846 6265
3363 9555
2505 5457
160 8848
7358 7580
6424 8217
83 8067
6544 9473
4721 5183
3084 9289
5295 7343
1215 4529
309 2243
5129 9308
2966 7246
2537 9676
3675 6350
5582 8950
3040 9371
5111 7094
5405 7491
445 8704
621 1041
1209 1267
898 5386
5143 6216
687 8249
2860 9596
6402 9827
757 9132
8200 8827
7939 8293
7679 8540
4057 9628
1320 8544
1899 6691
5525 6674
3700 7272
1152 4481
702 7093
4424 6827
1940 3738
2752 3479
2628 6611
1526 8040
3121 5339
3204 8828
1010 1518
2158 3571
1434 8864
2674 5560
3167 8182
11 4073
5011 9138
2331 9068
6558 9332
447 4834
194 4173
563 4967
451 7117
2641 2695
723 7569
2334 6079
4560 8338
9622 9877
5955 8779
6290 7499
1937 6925
1715 2652
718 7744
2122 3844
6137 9409
1913 5457
5872 6994
1517 9646
3452 3800
1341 7877
358 2826
1097 5400
8073 9543
2578 4030
5138 6596
7114 9783
430 1974
1929 8912
4496 5782
8048 9140
2557 9205
5571 9202
311 5834
3203 5929
4420 5646
7392 9402
2148 4358
7018 8297
5667 7588
945 4077
1046 2081
1355 2375
1873 3322
1199 7127
2971 4765
950 3360
2266 7687
2554 5768
137 6893
780 4684
462 4224
565 8353
7268 7346
2230 2467
8167 9037
1361 3153
3037 6734
195 1692
2323 5664
2191 9617
5280 8709
1702 2114
7414 9183
249 4576
1219 9941
5588 7796
1138 1962
1588 2435
5351 6409
108 2651
706 2457
1513 3749
7544 9768
3391 3707
27 6204
2050 4574
7984 8052
1258 6825
157 9171
212 5603
3062 8076
253 5851
613 6763
2258 5746
2466 3880
5705 8992
6067 6497
3344 9982
4722 6328
4018 4631
781 9136
4947 5458
24 5536
6041 9599
259 9737
2387 7979
2189 4523
1855 9095
2469 4776
5432 8430
9227 9579
4572 7719
6916 7344
4724 8340
7113 7875
2143 4981
2775 3629
595 4756
7712 7778
4152 8234
6807 8265
1338 9966
7361 9710
5577 7930
4623 5950
7247 7527
240 3036
3702 8265
2319 5889
3979 8573
8618 8710
5289 9182
2260 4157
4653 8167
1577 2373
1205 8020
7237 8813
2029 2140
2921 4714
1820 5933
266 3631
3569 7938
1337 9989
449 9666
3592 4696
3578 7760
3584 5836
1386 4297
7421 9336
4747 8063
2104 9228
3944 8937
2152 8042
3502 8124
2126 7391
8035 9341
3531 7551
8676 9791
2707 6766
3833 7750
1542 7140
8206 8440
225 3877
1194 1342
2071 7734
1901 5324
2361 9214
400 6193
2236 2954
4475 7070
17 8268
606 2219
5281 9533
6587 7562
8159 9397
1310 5161
1208 4513
660 4369
3802 5076
1262 6902
3257 5122
2189 3186
6710 6777
3539 9319
5102 5892
1624 5797
2492 8860
5068 8455
2827 5843
6027 9823
4859 7936
428 2920
3935 8505
6973 7913
3125 7374
4661 6637
6739 7929
2706 5208
3666 6134
1992 7281
3144 4951
796 5685
2781 7438
2947 6047
7681 8625
6835 9678
3030 9005
5314 6310
4691 7429
442 9647
189 5156
364 731
3507 6195
1187 8512
2896 7266
4357 9454
242 8294
874 3298
3288 7139
2226 6967
1270 2600
1124 9122
866 5697
761 3984
2792 9744
935 8339
1103 1256
717 1843
935 8556
411 4472
6077 9309
8697 9957
5721 6766
19 187
130 7245
7834 9490
2988 9975
470 9210
9 3064
1320 9468
2826 6004
765 3981
2584 7831
1402 2626
1162 5062
7617 9681
3705 7654
3575 5996
4158 4347
5500 6474
2640 3080
7030 7459
1123 8924
5957 9085
575 6657
3245 7143
3451 8897
7909 9338
3128 4633
6062 8179
5551 9389
2012 2870
330 8358
124 1761
2704 5740
3956 6092
6335 8510
2788 9818
3308 3568
1464 2211
4058 6872
3329 3867
1053 8153
1594 6012
9108 9901
6584 6828
3341 9246
3790 5987
204 7797
826 5397
6123 9651
2755 8093
7003 7785
2514 3633
671 6520
914 1127
245 9236
1453 4391
4934 6215
4295 7608
4016 7631
5141 6473
887 4398
4989 8189
335 2235
2271 9662
9466 9995
335 4462
2743 7916
2103 6539
6317 6418
1453 5029
9473 9478
8790 9618
271 2164
7565 8375
5947 6619
332 777
2945 6298
6765 8659
3931 9818
4403 5996
1797 6140
1239 5356
3369 4003
1764 8699
6262 9839
4658 8425
2274 5412
3878 9762
8204 8959
1216 7789
2386 2892
1356 6378
2544 7538
3606 9675
5292 9062
126 7031
3074 6010
7367 9908
2431 7555
2589 3134
135 8014
1416 3475
414 5781
3008 8759
2179 7235
4812 5914
6614 8542
581 1617
2814 7884
6639 7654
4184 9501
6323 9051
971 6613
7099 8668
5365 9858
5 9510
5041 6800
1301 4777
889 7301
2851 3460
2856 7190
5874 8755
510 1335
2232 7311
1578 2785
3475 5219
1500 2007
2166 5700
4588 8550
1378 7420
1002 8734
3557 4296
5656 9952
1611 1780
3470 7707
1173 4690
4344 9135
7792 8438
707 6756
1119 6875
791 8707
4603 5151
4762 5153
1412 1737
4644 5983
7295 9695
1613 5888
1492 2813
2045 8062
196 6727
4741 5859
1114 4904
2171 2344
5323 6561
3462 6101
131 6617
2031 8686
1898 8916
571 6355
5800 5896
5827 6583
5370 7755
4816 7454
2123 8985
2491 9142
918 5308
58 552
942 7213
933 9362
2817 7524
3628 6352
4689 4987
6927 8920
2276 8872
1596 7943
3732 7846
4032 6175
7068 8809
6525 8794
3483 6086
596 9688
9636 9769
2151 7805
5804 9584
4101 9776
1254 1859
3403 9291
3809 7907
2828 2886
1488 5229
511 9164
6310 8137
2978 5115
3051 9159
6511 9262
4750 6572
4406 8728
994 5017
3045 7616
2577 8708
228 4055
8348 8446
1062 6077
2312 7809
2280 2803
2529 6309
1130 8846
1140 6522
6629 7313
8896 9878
6231 9412
1793 5604
3528 9301
5563 5994
5033 8965
5377 8619
3915 6642
1451 2994
1740 8467
1285 5411
1288 2234
5650 9511
1713 6333
9463 9755
4349 8030
4260 5824
7632 9510
2752 2811
3500 4014
1576 9320
8114 8269
4672 5200
769 7625
1970 1996
5439 6105
584 4076
3001 3718
1919 7149
100 4343
2670 6779
811 4184
3628 8403
457 4740
5631 9356
2042 9329
4768 5477
2891 9974
2417 5936
2966 8353
382 7564
6808 7767
5363 9810
1416 9097
2337 5980
2930 5322
2218 6397
4211 4404
159 3385
2725 6775
2043 8687
2485 6241
580 8788
218 8003
3331 8234
689 5182
2597 7779
1750 4722
5901 8165
1823 4383
1532 7156
5856 9517
1021 5655
2135 5526
1090 2099
2526 9019
3169 5176
3340 9442
1304 5120
1041 2843
5638 7014
4965 9359
1225 5459
2241 9833
2713 9297
4195 5311
3786 6764
7648 9279
1759 2379
1125 6879
2863 4205
1039 3774
3672 5077
538 3221
1299 5837
1309 8608
5344 5623
1902 6465
2981 3550
750 7827
924 4176
6523 7829
1060 2450
2561 9147
5590 9693
2656 9198
2213 4857
4769 6209
3501 5595
591 9988
4875 9250
2879 5234
652 6334
331 8670
2028 9465
3826 8183
2352 8413
3992 7027
2311 6554
5772 8023
3919 5944
3821 8096
70 4195
1167 2143
611 1840
4030 5241
4512 7152
703 7920
1700 4629
4537 6441
3998 8932
706 9090
1508 1540
361 9252
3688 6889
1852 6732
7016 7770
2517 6773
1867 5515
6045 6531
1842 9035
431 8476
46 687
1070 8663
1341 5317
2832 6132
3226 8150
1804 9495
2522 8787
9057 9704
1936 6346
482 4547
4455 9839
1746 3970
5435 6330
3770 6565
232 4256
7389 7448
2043 5613
1174 7532
357 3951
2044 5575
866 4236
3778 5797
8771 9611
7837 9935
3724 8321
5217 9924
1471 7638
3865 4403
4378 6376
6858 7422
779 8891
2 8823
6153 7761
3132 4979
6197 9538
1764 8310
2253 7870
2002 9379
1086 1644
1771 5681
8344 9750
1086 7058
5409 8589
678 3300
2572 6683
404 7333
391 5154
1602 5580
8788 9976
3873 8146
1660 9511
1106 6078
2539 7658
1313 4730
4351 9745
4343 7417
5167 8306
165 1063
3133 8768
8649 8819
5362 7075
3002 7042
432 9677
5031 8530
5136 9956
1530 9718
4171 5455
3361 3687
220 4987
3447 6598
1612 6344
1912 7815
1351 3076
1124 2198
5589 9678
6853 9549
4912 8711
1787 3079
1680 7542
3422 4019
4605 6913
3200 5162
2 6980
1490 2606
618 9238
4284 7082
1188 1586
3862 6917
6358 9925
5815 7847
1477 7093
7545 9235
6059 9507
5539 7064
4648 7464
2290 2468
2131 6772
2215 5946
3888 9101
3430 9666
8722 9783
4118 7197
5211 6750
37 6981
3594 7086
2588 8865
1799 6527
6528 7903
3181 7097
875 3643
389 8899
3989 8600
194 5816
36 8651
1536 8222
838 9383
3495 8877
8031 9545
7502 9269
1991 9853
4119 5588
1816 6580
3276 7498
2723 6299
5236 9999
1924 7152
7587 8188
269 390
4738 6976
1924 5535
4271 8590
5052 7376
513 2746
6932 8927
134 7575
5625 9674
3357 6917
3506 3761
119 7169
5950 9339
5956 7250
5555 8426
1573 6405
1133 8934
303 9060
3946 9610
856 7008
3024 3900
7930 9489
3243 7055
2589 5180
4302 5067
7931 10000
4112 7412
1344 5387
2509 8956
4131 4489
1155 6881
1488 4466
4725 7497
2308 8262
4408 5657
8176 9069
127 3309
902 1483
4997 7567
1902 7728
6612 9787
2419 2969
2364 7675
2482 7210
4732 8634
420 2757
6723 7345
5589 6315
3017 6818
813 6725
4866 7046
1907 5127
104 6807
5063 7614
622 8576
1558 5052
2397 3876
6854 9612
4133 6729
1155 5058
7739 9686
285 5449
4259 8805
2322 7570
3862 5706
2465 5288
4867 7778
3014 7650
4394 6214
7471 8470
5421 8908
750 9198
6510 7754
8119 9905
3649 7530
1113 9078
2594 7194
33 9305
2900 5216
1534 6487
7023 9516
1956 6597
3227 4335
2261 5516
3879 6242
329 7562
7018 9130
1794 7838
1939 3137
535 8057
3667 5791
1394 3236
8302 9811
2119 4637
2828 6557
3211 7843
3059 3222
2213 7926
8378 9359
1852 9648
6597 8434
1507 3213
2895 7803
4771 5335
4219 5357
222 7867
5231 9683
4078 4676
3136 5306
6888 9342
5230 7381
9835 9963
2088 9746
1973 3410
1116 6246
4203 8754
719 9311
480 8571
2142 4557
7840 8228
4421 5244
1849 7511
5828 8839
592 7487
5440 6433
4346 8209
447 8216
90 5465
5505 6335
2885 9266
4135 7358
295 8363
3680 8775
6952 7258
3176 4291
2244 7500
6775 8573
874 4888
5530 6378
3240 4192
2891 5969
1272 9431
5923 8481
2703 5867
3925 8211
7430 8826
408 6829
2991 9953
3993 6688
4345 6526
3023 5169
1123 9759
4834 6084
2450 7442
779 1449
5444 8722
6128 6539
4155 9426
461 1769
2557 7190
3385 6451
2692 5826
1252 9503
3609 8909
1098 3396
3360 9258
2010 6308
787 5592
4594 6630
1868 4379
2343 3076
5953 6882
2302 3372
2565 3869
4256 6060
1144 4078
622 2333
2243 8547
3627 5303
5814 8473
2266 6467
5268 9375
4544 9190
471 9965
3513 4904
4141 4199
2461 9326
6093 9246
65 9664
3141 8239
6394 6705
4258 5910
120 1669
3281 7860
2235 6307
941 8513
3568 5221
724 8263
1034 6425
2894 5626
5083 9695
3215 8177
5274 6669
2303 3406
2025 3036
4238 8391
305 1758
1647 4768
4511 7105
8378 9687
4108 5273
6768 9306
2536 3021
5000 8616
892 9123
1959 3453
4723 8261
408 9731
6420 9276
3504 5440
1302 9860
9504 9890
7774 9256
1425 5860
7266 9610
1090 3395
8045 9303
665 2969
7174 8348
5777 7874
6053 9689
3054 3714
2645 4669
3057 3798
2677 9468
8277 9449
4890 7179
5676 6143
715 5259
528 9983
287 4567
1307 5520
598 3590
1190 3448
861 4917
1163 7189
1479 9100
809 2121
3593 7512
3904 6296
7379 9816
3644 7656
966 9160
6933 9484
7511 8923
2318 5751
117 8331
4375 8583
129 3997
3922 4799
445 2886
1731 5605
5895 8443
1436 2161
9450 9507
2381 3095
2520 4081
1276 3426
2275 8334
281 9006
638 4759
4574 9318
3712 9307
4130 7961
3025 9748
8076 8720
651 1482
2250 4949
1292 2543
5084 7198
3430 3937
186 9864
742 3678
3344 8077
185 4964
1687 6331
2321 4764
4231 7859
3278 4148
7265 9156
597 3997
1665 6019
7102 8322
939 5090
8086 9146
3778 8345
4949 6789
2841 4852
2859 8639
1938 9606
1654 6444
1443 7652
1524 3738
6472 9409
8795 9283
2688 9338
2698 4544
323 3851
2186 3005
483 3582
5683 7623
1022 9099
1241 6114
3 5760
5346 5704
4616 9781
6633 8646
5166 5982
1408 8469
6702 7990
2837 7963
876 5783
644 1226
2908 9607
2564 8731
6948 8114
2627 8524
9012 9550
5970 7891
1583 8574
3164 7050
6946 8765
1789 9440
7319 8272
5406 6212
2754 3425
1699 7144
5725 8355
4511 8578
1703 3016
415 4880
173 6924
515 4284
3487 7965
2656 4274
5854 9384
5716 6535
4515 5289
1029 3413
7910 8360
2464 3515
3400 9830
5494 8992
4730 8282
1050 9401
1920 6529
2852 4567
2106 4151
936 6816
2848 6638
2005 6586
7936 8158
1982 2858
3374 4099
2560 4365
4955 8919
6861 8939
969 1473
519 7228
4780 6716
5439 6656
3239 4139
2497 8153
6846 7938
1776 2232
2837 3811
1213 4556
7294 8516
1706 7453
4037 6504
291 6304
2889 5012
1610 6248
6152 8259
2773 9140
3449 5359
3981 4349
7672 8006
341 4047
1139 3766
1492 7413
3348 4977
6602 7230
7150 9568
2702 5641
1987 5222
2338 4083
6185 7125
6610 9113
1143 5921
1928 6451
9016 9634
6588 7911
859 6212
940 5669
1274 9128
3809 8138
5907 7126
2691 5701
1980 9966
4657 4715
3125 9134
828 2182
3229 3825
490 6971
7655 9599
1606 5853
1748 5422
167 8886
7162 9293
5360 6821
6063 9724
261 3603
2401 3883
19 7460
3763 8414
2453 4336
2664 7226
1323 2097
3914 9302
8316 9721
6171 6184
8100 8439
7075 8010
6047 7955
3487 9264
1286 4781
3876 6410
282 2262
701 7034
1819 4175
175 9241
957 1553
2765 2953
1612 3823
3433 8162
4842 6273
1053 7858
1766 4140
4728 7400
322 9039
5839 9110
4868 7996
3980 6645
440 5962
1102 8503
3114 5598
5313 6014
1102 2412
162 3619
5072 5893
3039 4323
4395 9017
6145 6882
4636 6587
6736 7276
4509 5436
1584 9575
1357 9090
1909 9798
5075 8389
2454 3973
3142 6657
4905 7271
3938 4744
1666 7203
635 5773
1203 3556
1081 9871
6592 7740
7206 9329
1048 1966
1998 6814
8106 8856
9028 9270
2076 6162
2019 4372
3420 4107
2194 8857
2348 5047
4857 5619
1330 6270
2937 7975
3719 8047
6566 7096
2623 7009
1225 6293
915 7114
5152 5849
5008 9322
491 7076
2939 4691
1159 9037
3307 4074
8876 9575
1719 3741
49 1074
1080 2957
7382 9508
5180 7154
3685 7824
4299 6937
3979 8386
901 4811
6413 7425
6432 9410
2985 8507
1136 5441
2546 7550
5727 8318
713 9740
3576 5485
7124 8148
6993 7173
5375 7285
78 503
3232 7621
3043 3093
705 8433
2708 8569
3927 4250
156 3932
3462 7780
9690 9887
1526 8599
4906 9026
4627 7899
5545 8486
7904 9362
1575 2833
103 2133
1036 1359
2637 9324
1677 6998
1073 6742
1633 1850
1978 2513
1020 6948
2662 8373
7627 8986
1436 2126
4962 6876
9360 9977
251 9340
3015 9658
633 2825
5247 7964
2264 7154
2515 7867
5450 9483
5408 7172
2497 8901
4454 6463
983 4194
659 8113
1732 9330
4035 9715
3414 4433
1654 1971
3172 8450
2513 3102
2988 9524
3072 4866
998 6762
1651 6850
794 4578
374 4257
1107 9165
4818 7572
2808 7985
5926 9333
6430 9193
6955 7999
2861 5942
4397 9281
1089 9979
731 7069
9420 9891
3231 4651
1656 6085
4660 5421
2125 7240
4611 7092
7079 9955
456 2943
522 4629
7035 8521
7404 9642
8162 9139
7217 9873
1754 2402
1771 1799
366 1376
8044 9795
116 7270
5070 5573
118 1035
2083 5620
3467 7816
6438 6837
4103 8212
9327 9937
5118 6915
2329 6972
1512 7130
4351 6661
953 3254
2483 8863
77 8602
64 8335
707 7116
2537 9138
1350 6797
2073 7361
8088 8878
790 2152
1402 4037
1180 2014
2251 2950
8570 8650
7807 7912
1970 9980
860 4198
2325 9268
899 6321
916 3529
1935 4785
599 8098
201 1869
7804 9680
756 7650
7474 9535
6271 6660
3110 9906
433 5445
1152 6516
3941 8531
2233 8728
1597 8379
3272 5540
6021 9060
5371 7713
4244 6902
265 8141
6436 8180
3251 4831
44 3008
2277 3652
2100 7480
2949 7283
526 782
720 4896
1833 9668
1112 8882
3454 6296
1863 6098
5565 9885
6174 8938
1509 3894
63 6844
3759 5633
4994 8232
4697 5891
2101 4908
4890 6643
2508 6449
2948 7488
5278 9025
1521 2037
1607 2975
1384 8409
6721 9141
629 5455
959 3581
1146 7644
6133 8497
4860 6302
2098 6139
611 7871
3902 4843
1519 6898
6563 9591
7951 8198
530 4196
2895 7455
6186 9847
4001 5237
3101 4219
3978 6949
1631 8197
3017 7862
1255 6032
569 7893
5068 5621
9080 9539
2613 8528
3464 8766
1730 9391
3305 7526
2268 6225
5529 8543
3380 7370
2471 9187
1329 8677
534 7660
4846 8229
6228 8577
2941 7238
4757 4784
1433 6005
3674 4939
99 6089
4116 8314
4782 8679
9534 9865
3127 9931
5423 5865
3957 4232
1067 7552
4612 7357
7141 9121
2482 7084
2716 9286
7513 9197
1284 7443
1169 5574
3159 9536
3119 7630
4103 6572
2433 9654
2763 5869
4858 8925
913 2629
2773 8642
8 6820
4582 8083
4215 6414
4400 7619
2267 2510
6236 7136
7737 7895
5591 5943
7762 8042
8111 8691
5806 7765
2612 9650
5287 9973
4960 7583
2535 7435
5556 5715
3387 8678
1759 6081
38 9925
411 3838
2334 2643
682 9192
330 8557
5583 9520
212 2414
1242 6743
958 2747
5464 8500
679 2442
2865 7054
7568 7833
2893 7326
660 8667
1415 2734
4360 8810
4810 4884
2545 3222
5542 6441
9570 9734
4739 5673
3803 9985
6704 9099
7717 8109
8901 9372
3077 9008
5085 8376
370 6185
2726 5134
1422 8001
1866 4700
4593 8946
8044 8349
1291 3286
8492 9287
261 1253
1045 9040
3651 6313
5933 6836
6087 6177
1674 7942
138 387
3794 8262
871 7138
6220 7312
4865 5760
2453 5336
2195 6287
145 4364
1178 6529
292 2386
211 878
3146 3162
242 5663
3953 5303
2863 9502
3969 9190
3864 6347
468 9205
4085 8258
4451 9623
6653 8490
2549 6957
5799 6153
4708 8621
1797 8796
1513 8886
8123 8754
6392 8740
2354 4173
979 8099
4945 8273
5835 6404
1220 7216
2114 8349
267 762
2942 8276
2220 3447
6375 9604
2250 8807
1360 3102
2624 3703
3790 5445
1057 5434
6728 7396
6844 7393
4827 9427
2958 9580
8498 9581
4612 4650
2697 7507
2416 9027
946 9748
5340 9186
4128 6054
8657 9178
4208 6574
3897 8525
2166 7957
3158 5403
765 5883
6605 7065
8368 9290
5153 7168
353 5761
258 9181
4655 8979
1987 8541
8430 8435
562 5061
3751 8513
8750 9448
6619 9764
1778 4280
1487 4416
6440 7349
234 1167
683 7067
3436 6269
9841 9862
4679 7675
345 6493
4363 9361
4547 6507
1068 7384
3896 5353
4325 9133
8087 8311
5732 9761
2824 8882
4142 5060
6999 7208
1632 9733
3798 7875
723 2777
7083 9526
500 2566
3789 8015
3443 9386
9251 9672
5793 8544
1711 7823
1836 5006
3850 6724
1555 9399
3084 9733
369 6312
4478 7906
1912 2729
4549 6032
4432 6576
1437 5967
1143 9605
5296 9279
1752 9624
1325 5016
6800 9505
8210 9830
609 2501
3494 6944
894 1179
1491 8657
514 2445
247 7854
2168 5821
2290 6523
835 2824
691 1747
7588 8495
8174 9165
6885 8148
2336 6301
3537 3589
1675 6348
4230 8835
4169 4827
286 7689
1136 8774
6 981
3315 3936
3572 5574
2736 8669
164 722
605 6399
5140 9023
269 1923
1247 2017
289 4711
1794 2529
2304 2595
3273 9344
7603 7612
1128 9032
423 8278
435 8351
5115 8785
7703 8099
2652 7946
4359 8661
3814 5736
3563 7461
2104 7577
4485 8498
881 9509
4071 7257
1233 7609
4211 4495
1135 2075
763 7101
8683 9904
2699 8068
4031 8132
906 6798
3772 6373
2611 3437
487 6644
248 4478
2650 8734
251 9851
4185 5469
3612 9083
2349 9927
5998 7684
3218 7344
5100 9057
5358 5508
9284 9691
897 1875
1664 4111
689 3173
895 3601
5113 7848
6536 8594
8060 9219
1469 2849
26 7634
1461 8401
7307 7606
2721 6366
2292 6345
1425 5057
4043 9581
4674 4991
272 1099
1157 9013
280 7468
2890 7397
244 907
869 4802
3478 3485
2231 8003
6106 9020
795 5179
6473 8298
7278 9243
4468 9378
558 6284
3638 8071
3257 8559
5554 8867
3089 9403
1960 4500
5853 7253
1418 6181
2201 6817
8317 8481
604 624
30 8451
5335 8753
952 4218
6719 8453
2514 9705
508 1668
5267 9603
7187 8438
2741 8939
56 1507
2022 3548
3279 7458
5720 9285
88 2183
2707 9255
6456 9658
6510 8520
2265 2816
1966 6863
2919 9189
5426 8605
3653 7517
9310 9961
2663 9920
1563 8308
3968 5961
1399 2409
3574 6782
518 3615
1372 9965
5093 8285
840 6226
2280 6015
4597 9061
1565 3891
3163 8423
3746 9374
543 9367
3248 5337
3700 6294
4094 4178
3130 3750
3589 9739
841 1467
5235 6484
5112 5985
1404 3612
5418 6761
1210 1539
5270 6131
2427 9038
510 8834
2745 4550
1716 3167
8075 8764
2617 7056
3207 7215
5123 6332
6172 7793
2176 2242
999 6328
856 4583
7666 7708
5134 7443
9475 9852
2498 7810
2547 2952
3989 9497
4371 6720
967 6179
7002 8626
1722 7489
674 8818
3413 7554
4710 5270
4241 9881
4927 5498
1017 1564
2605 8064
5323 9368
176 1455
1092 5379
4251 6541
6636 8120
816 9389
7643 8620
4621 9637
8593 9200
3646 8493
6099 6377
3482 8585
4558 7902
2420 3138
5890 6076
4930 7191
2372 7733
3324 5118
1546 8004
1695 9294
356 6429
96 1959
4997 5982
1212 7038
1134 2614
2323 4312
3945 5635
53 8391
1318 7421
3291 9482
189 8127
569 3085
3905 9512
962 2605
4598 7077
3962 6995
1466 1907
4169 5223
2341 8616
2441 7506
1591 6031
1758 3924
7720 8801
2878 8575
3062 4237
33 537
442 4423
3605 4415
6057 9271
1691 3486
1293 8999
5028 5350
219 4463
602 7651
2758 8300
20 5450
724 4851
1395 8655
6454 7089
6278 6521
7725 9720
2472 4075
9265 9719
5129 8207
1752 7928
7309 7400
3855 3895
55 6455
4763 9872
2835 6341
678 9759
2904 9040
1390 2291
5030 7196
7003 8913
180 9799
1409 5929
3208 3671
5696 5940
23 2698
2929 4432
238 2980
3229 3459
3848 5428
7835 9357
7160 7688
5808 8889
2218 4645
1042 8160
983 6447
4764 5511
2041 7263
6244 9808
745 8261
273 6998
220 1366
7132 7290
988 7409
6427 7727
695 3904
493 1864
1825 7722
3661 5546
2967 8552
232 8324
631 1826
637 5240
3183 7947
2007 2273
5157 8999
1058 7322
823 3109
4596 7012
5622 9276
83 8862
7135 7637
1193 1490
1030 5232
5905 9915
8227 9627
4894 7691
7120 8125
1518 4553
2548 8702
643 2437
3442 5140
2998 9026
1535 5448
5390 6863
34 6620
4804 6489
3825 8545
6048 8388
561 8080
2425 6064
657 5146
3329 8852
7010 8885
2739 3861
2343 8251
114 7507
846 2348
1775 1948
2292 5291
3140 5310
9206 9259
2452 6136
629 6416
3937 9901
1337 3609
1763 5168
3356 8285
5974 7053
6166 8787
2617 2972
1522 5287
2254 6790
2840 6733
3720 7434
2106 5349
4056 8332
1834 3139
131 6251
5391 6390
5128 5521
4845 5121
1038 8474
157 9433
566 8178
4059 7772
4668 6841
328 7013
5504 9642
6625 7599
2003 6683
97 3362
518 9559
974 4419
6613 7711
5021 6534
5614 8931
4209 9476
1673 6717
1156 8850
1172 9221
741 9052
748 3859
4365 7994
3886 6496
1963 9216
2616 5821
3124 9579
2700 7832
4170 7805
2134 5698
3196 9639
3423 4618
8390 9971
6502 9815
1681 9239
4490 8949
1663 3686
3034 5695
5396 6634
2387 3509
4837 7304
4058 9480
9042 9744
1530 4442
1372 2608
238 5224
378 2139
524 8225
3764 3973
8801 9850
4855 6567
3599 9806
1994 6798
4906 6690
3760 5714
3236 3381
1930 7795
7255 9391
7557 9396
3651 8052
179 4353
1790 4796
3219 4279
1672 8744
1197 3448
759 3607
531 3168
5762 6398
3543 5427
5508 9671
5298 8426
2830 7579
4580 5851
697 6868
1882 5877
6564 6823
3342 9498
2180 8472
208 833
1039 3384
4982 7731
7175 9087
1991 4292
1743 8070
4619 5689
5849 8579
1527 6860
4514 8643
2181 9455
2591 8300
4269 7112
1682 7790
7081 8008
424 610
1755 4614
8169 8260
161 7672
3638 9283
2794 9036
1109 6945
4431 9638
2454 2475
3074 7078
3574 5019
227 7905
5667 7862
1266 7728
1985 8017
5727 7202
6062 8484
2899 3965
3292 6041
3358 5544
4255 9021
6452 8216
9348 9424
2772 8580
6922 9127
1160 3382
2347 6767
6061 9945
9753 9908
1629 4434
2125 6203
509 7677
8721 9739
311 562
4568 8101
981 8343
427 4311
694 6365
2922 6516
760 4346
3116 3446
1605 8524
7255 9168
564 3565
699 9601
2735 5206
1994 7197
3185 7570
3471 8635
512 8606
1969 3728
8435 9853
2658 3095
3452 4835
4713 5220
1026 8847
4314 7708
4731 8163
6515 9112
5758 7026
553 1378
3538 7721
1808 4229
2637 5442
5719 7508
1955 7284
6369 8820
5507 5600
1237 9532
9560 9765
2403 8202
7519 8370
732 3251
4508 6406
2341 2382
7445 8664
313 7309
7208 9513
6801 7230
6777 8866
547 2810
1621 2314
1275 6051
939 8640
1363 9419
217 2686
838 9297
4399 9438
3042 8034
4757 8359
5659 7326
1802 3271
3271 3917
1352 9754
2092 7185
110 7125
6043 8359
6689 9031
2793 6850
396 6966
3272 5513
648 1511
176 8331
346 8343
540 4988
3391 7148
5487 6981
7526 8950
8118 8859
5133 5624
6370 9376
454 8635
5518 6074
1301 3636
362 6811
4159 6192
6439 7086
137 5434
1704 9103
3273 6396
6105 6536
6048 6759
4873 5193
900 8177
615 1915
7293 7860
3595 9088
7261 8053
3156 7991
1097 5094
4438 6220
425 1568
4252 6744
1122 9634
708 7032
4191 5961
2457 7807
1096 3642
488 7857
6388 8597
3310 7662
149 8315
2032 7074
4224 7853
3755 6604
3962 6056
2254 3358
4852 8209
2185 2735
1779 7747
6033 7100
148 9490
9237 9351
2049 2696
951 5374
4968 8496
8142 8568
3118 8518
4761 6710
7645 8730
1427 5372
3663 5676
8288 9072
1264 4042
4033 7668
347 3276
2900 5721
1709 7838
2822 9558
4913 8904
5049 5954
3177 6453
529 9792
6308 7280
1480 7967
239 7817
4641 9807
3202 6070
1446 4841
7449 7470
5414 9227
903 4092
4090 7475
6223 7300
6422 6614
776 8973
740 3697
2821 3713
1636 9300
2545 6647
693 9191
3103 5424
2570 6289
5486 6235
4381 5930
2948 5616
3943 6635
711 6176
4082 4755
6408 8346
8398 9893
4147 6022
53 7062
350 6849
441 675
1074 4086
296 9525
1774 3563
1033 9101
268 6663
1622 9513
2405 8094
3346 4066
5096 5726
7477 8369
4844 5640
4719 9470
3890 6028
3920 9485
4603 7321
5200 6190
230 4128
2260 8143
2606 4656
4385 4590
4858 6555
5104 5911
5001 9072
1623 6350
8532 9722
5378 5407
2413 9114
2873 9387
115 298
1129 2234
22 8630
1726 3197
4915 8205
5704 8581
7269 8567
6607 6919
1866 4548
393 8412
5139 8370
328 8888
3147 3460
59 6118
4080 4309
1444 1847
1497 5381
5055 6693
2609 2776
315 7233
3669 5328
2791 7615
3826 8815
1475 8719
7045 7181
406 1094
4938 6935
448 4677
6974 9916
1175 6602
743 2511
4113 5847
4566 9990
1646 7088
2287 8021
1082 3832
2358 5065
6400 7437
1333 6009
4674 9616
2960 8628
3577 9191
8709 9224
4998 8586
2714 8419
4028 9959
2006 7518
25 8824
1714 9445
2306 5091
942 3832
8561 9888
6086 7576
2642 7468
3503 4886
601 5963
6292 6797
4817 7163
4028 7362
6482 8813
5340 7098
5229 7881
4480 8630
6363 7108
1583 3334
1888 1984
1628 3080
4833 5390
1271 4356
6544 8522
294 2915
2033 8797
6487 7282
2263 8988
3632 8445
6954 7824
2772 9975
2349 7956
4571 6921
4213 5283
1165 7607
3009 9215
1084 5062
3247 9195
3456 6804
2787 8597
812 1101
3081 3792
42 3094
3305 8758
3590 5138
1174 7782
3330 9376
8255 8881
8875 9271
3059 7054
1334 3793
1728 7633
4186 7809
2959 7702
3006 6207
496 8892
4254 7474
6254 8821
7218 9369
585 1554
8653 9790
5042 9333
2173 9616
7076 7536
2121 4671
2705 8366
95 8127
1122 2451
9067 9285
6157 8919
373 9530
4025 6694
879 1024
4266 4350
4156 5493
8143 9385
5764 7276
3268 5579
1282 2440
348 486
1052 4216
3670 5199
1694 5644
4907 8629
2377 3154
4678 8084
5355 5713
4705 6573
3503 6965
1705 8295
4227 4990
6622 8494
6460 8280
9309 9842
7844 8757
2388 3012
2484 6630
685 5135
2538 8336
6182 6277
6266 9476
1051 4283
3873 5374
20 1765
2997 4638
3351 4718
8676 9471
3400 8712
3033 6080
908 9216
2581 7207
2489 7925
3010 3155
2553 9319
7977 9119
6024 8723
3880 4067
3252 9593
1678 1720
4356 8230
3199 6512
1431 8701
7581 9071
1059 9203
8157 9785
3153 4842
2667 8596
6435 6926
2169 4835
646 7177
8081 9825
3748 9659
2075 6460
6504 9292
3071 6513
7768 8802
4525 6805
4486 9312
2551 3690
3262 5459
2916 3111
2712 4104
2436 6489
1671 6356
3604 9843
3869 4885
1322 1839
3998 7624
5188 6373
713 3875
5874 9280
744 7312
2973 4079
63 4281
2603 9201
4406 9418
3297 8546
4601 5630
6527 7248
1626 9153
7186 8445
3788 5488
5003 7961
1652 5889
4872 5269
87 3509
2655 8374
737 8862
3914 7402
1942 7227
8151 8608
6233 7214
1848 4049
8264 8537
3867 5198
2169 4460
393 9081
197 4881
5820 9969
1717 3908
3702 8112
5119 9050
2350 2745
781 1595
2150 2413
7439 7704
5848 7902
4540 9218
5015 8724
3278 7279
2768 8613
6066 9778
2298 3794
133 2013
5279 6299
4959 8292
2217 7915
6831 9766
6747 9390
6570 9976
2085 3105
5592 5719
6972 8868
6241 8051
7573 8464
9664 9725
3633 3827
2460 4061
3368 8267
2797 9499
3326 8249
8402 8817
1717 2697
96 963
4322 4515
1340 4829
3066 4790
2522 6751
3511 7832
3545 4564
5345 5573
1474 7776
6845 7927
5066 7808
3337 7461
2864 6795
3646 6840
9086 9158
3237 7937
4373 4935
5709 7516
1121 6564
6413 9785
4804 5161
395 8961
3854 9125
2481 7641
4733 6300
4555 5633
2415 8531
3641 8192
65 5312
2996 4469
4683 8851
3134 3414
2878 8385
1796 4916
2300 3874
3892 9129
1271 9214
3566 8975
3735 8617
24 2866
1327 3507
2679 6739
3567 8254
4754 9415
873 4261
8109 9987
2730 3151
1262 6991
5646 9997
6099 8454
3181 3435
1076 3679
2094 9401
2062 4051
4326 4489
1091 4969
6384 6703
3148 6052
2407 2552
3246 9460
4721 7284
4584 6832
2567 8748
1011 5446
1311 5122
4082 8932
972 9408
1837 2459
3721 8484
4534 5790
2640 3837
2486 5361
2994 3011
41 2102
2610 5863
1221 3371
5126 7539
8333 9584
8299 9773
2976 7506
2052 6114
3267 6249
418 8191
8881 9167
3010 3597
6880 7914
2727 8829
2255 2790
3987 9701
3316 6517
1176 6110
2374 7109
4824 7793
1638 2398
2163 6151
1077 4919
1676 4352
61 9587
5125 6726
844 6743
6055 8700
1424 5672
3021 9314
3419 8899
5343 8634
2165 8855
1498 7132
8122 9886
227 4328
3336 8832
4782 8468
6702 8105
202 5690
6 9354
1008 1812
1890 5934
1707 5878
7101 8925
4914 7033
5938 5954
1448 5725
118 1933
3976 6579
772 4157
324 9838
2084 5809
2676 3275
791 5415
1439 2425
2172 8247
314 2347
3067 6960
8894 9700
2650 5479
6363 7991
1314 4233
6894 7419
3500 5012
1415 6261
310 912
3752 6209
4541 9144
7595 7921
6769 8423
208 6461
2578 7232
4975 6524
1639 4412
3579 9641
517 1283
3668 8231
300 4611
4249 5620
3389 5642
985 6562
1500 4980
3930 5731
1976 9444
3885 6537
6501 7260
3106 3676
2888 3553
4133 4822
489 7113
4081 6027
5850 8421
3650 4839
1149 3109
3580 3943
1718 4869
3771 9992
2823 4145
236 9096
2709 5643
5021 6759
1947 9804
4423 7133
5366 8700
9373 9428
1476 4792
6946 7336
3330 8000
2702 7052
2729 5242
7037 7365
5665 7397
3194 6382
413 1930
872 2668
4863 9469
6632 9897
1191 4916
5503 9453
658 8197
751 4594
4752 5145
3436 5381
4848 7658
2192 4084
1 1781
3875 5788
3319 6964
18 1891
4334 8982
1837 7448
3383 7668
5461 6325
2139 2359
4138 5347
847 5647
2549 4172
3677 5527
3950 8681
8326 9412
5117 9952
2263 6039
3328 5558
1176 9554
3802 4710
4950 5098
502 4004
318 4091
4849 5711
4262 9859
10 2047
3280 3723
603 609
1788 3531
923 6154
6252 9661
4075 9670
8158 8840
7786 9962
190 2016
1988 7231
1059 6817
4750 9407
7167 8609
1431 7799
2595 5810
657 4892
4317 8710
1867 5272
4591 4633
1661 6600
3610 7203
3473 8406
4424 8814
620 7069
3625 4754
500 1418
1093 5558
103 6113
2776 3416
365 8617
377 8173
5936 9115
3205 4461
843 7307
3815 4821
3762 4963
5662 5937
185 7041
358 9824
5625 6393
5937 9972
3871 6815
1055 5266
831 6312
384 5793
1854 4786
6069 9082
1735 8171
8036 9008
823 7937
3317 7508
3164 7831
5044 5906
279 6437
4731 6034
7898 8673
6142 8480
3349 3386
1725 9304
305 931
3581 6007
1349 1698
2082 5117
320 3624
8174 9545
1586 9955
2510 8368
1598 7063
3261 9067
2476 8024
1295 3635
1653 8160
3813 9981
3377 9880
1552 4401
789 997
74 9569
2249 9857
3198 3420
7787 9245
72 4416
5401 8431
2109 4167
664 5801
7007 9194
725 4971
235 443
2138 9364
8150 9117
8638 9768
8965 9747
6257 8115
4985 8718
2818 6292
7296 7735
2993 6039
1979 9990
332 2328
6964 9896
5748 9356
91 964
8126 9334
1884 9325
3677 4197
178 5902
1557 7129
2542 2712
5691 9702
3049 6137
4585 9423
4378 9038
7022 7933
1642 6112
1551 2328
5136 8923
1011 9377
1510 4183
302 1648
4667 9137
174 1347
1558 8805
125 9929
6035 8424
8838 9614
7791 8927
5255 9063
5787 8275
663 8918
8995 9968
6740 6770
4068 8324
5221 9102
502 4659
2989 4268
1895 2488
1538 5680
7852 8564
28 3009
4112 9811
286 3029
4937 8379
3642 5904
2720 5243
4164 4323
339 3320
8453 8621
686 8811
5754 6260
4680 9146
421 5801
211 5785
1493 5761
1581 5300
3844 9636
5803 8055
8097 8693
3366 5022
6339 7031
2090 9404
4413 7872
3678 4637
511 9076
2029 7000
8049 8726
3837 6079
3995 9263
2423 8325
9474 9536
3659 5984
1446 3304
4689 7647
1614 5735
3179 4004
9247 9926
28 8694
1252 7877
4927 7021
1802 9496
579 8798
8729 9812
2744 6282
3758 8198
1201 9621
5683 8613
334 7784
5802 8449
4800 8361
4729 6640
5666 5858
2241 7166
1858 4671
1025 6804
3967 6672
2220 4275
3288 5881
8566 9921
5281 8213
4669 5393
4570 6713
6646 8887
5528 6590
8948 9929
1189 8032
896 5011
186 1345
498 7426
3577 8777
2023 6672
1782 3211
1051 5050
2731 9280
1670 7221
415 1560
1981 7398
1601 4272
1824 4715
4273 9626
7565 8659
1505 9583
352 7554
2181 3366
602 1343
4748 6731
4604 8017
5524 6476
2175 2939
3269 9958
111 620
2658 5121
4516 9782
418 7286
50 167
1865 5465
285 9833
9092 9996
6949 8274
1131 7487
3235 5639
2283 9557
3068 5447
675 7264
426 8395
6056 8870
557 1461
4538 6445
1129 3949
6082 9708
453 1871
668 3340
1832 4242
453 3579
5320 9253
5942 8812
8442 9614
4796 6646
7742 7974
3896 6196
7272 9732
2705 2902
3742 8478
3512 5995
3736 9659
4348 9807
2071 3797
8674 8935
1282 3622
778 1280
1667 7852
521 6861
2811 4056
4779 5429
1100 5980
1362 2338
383 9737
5254 5990
2118 4720
4749 5606
93 7277
365 6834
1294 3349
4779 8539
2217 8196
3626 9790
4410 7840
902 4077
3116 8149
3691 7165
1000 2596
7823 8876
7329 8418
341 5819
2701 9491
5955 9148
3195 7402
105 4457
123 437
4447 4952
3814 4920
4027 9772
4098 4976
1569 5741
4528 6534
2961 7615
3775 4795
7966 9370
3178 5743
1306 4048
4944 8094
37 1256
6267 9740
2443 5209
3050 9795
7081 8309
4928 5097
4649 9003
403 5831
4868 7714
1892 5817
2462 3065
3289 7141
2130 4181
1925 3421
3598 8432
2224 8957
4744 9422
92 970
570 1234
7644 8884
3195 7059
1879 7861
3912 4554
5059 6361
1031 5309
2309 7955
1451 3432
1182 5776
1870 7683
3804 5191
8875 8956
1238 7556
2155 5234
2531 6833
1914 8753
280 8066
716 8514
320 627
926 7812
3757 4341
4483 9631
5016 7005
8176 8327
632 5807
2909 5685
2141 9299
81 850
5610 5722
1200 1317
5226 9496
2562 5718
3112 9001
5365 9092
3472 3829
6021 9671
1632 4695
6559 7992
7204 9415
6480 8074
1828 3219
6517 8415
29 278
1665 2977
1045 3784
1905 4045
4332 9154
5147 7663
2167 3871
5398 8194
1915 2740
4980 6905
5071 6336
98 2894
2026 4903
3882 9295
288 6183
536 5171
3665 9984
128 2278
7339 8627
7224 7794
1609 3171
702 4550
5053 6158
3016 4974
7716 8872
3115 7375
2554 4027
8133 8683
192 4837
4135 8485
1668 5019
4944 9622
977 8739
2820 7373
3620 4595
2238 5654
6186 9590
3150 7695
3175 8883
2357 4223
7393 8509
2365 5532
1079 2463
6227 9899
7744 9230
3859 8523
7123 7935
4087 9058
3596 9388
492 525
1226 6701
3695 8482
6576 6994
35 407
2123 4266
122 955
6133 6266
4856 7188
4751 5385
1823 9673
4606 5144
314 8849
824 9967
8011 8134
3598 4170
8894 9885
3445 8078
673 9472
5971 7591
5778 8840
9406 9573
1170 4617
1037 8981
1339 9168
4591 4886
5401 8250
1943 3588
8237 9079
3182 8808
537 6893
4146 9010
109 3704
1047 1440
9185 9603
81 3959
1223 6016
4038 5156
7068 7341
2831 3263
909 8340
803 3569
5300 6038
3929 9715
6697 8855
3085 6679
7181 8529
3007 7883
104 9778
735 7499
6257 8433
3793 6620
7784 7861
3028 9709
5380 6553
4879 6849
4334 4763
1900 8958
1015 9866
3994 4626
6402 7619
4560 9742
4595 6997
836 2335
1187 7096
4097 6003
2072 9978
2641 8084
490 5491
1514 2124
4160 4832
1688 3290
3381 5354
3745 4823
858 2313
316 2847
119 5149
1842 8088
3753 4011
8811 8960
4995 9111
1163 2671
3367 4994
2539 8407
3234 5747
2206 4032
2066 4959
4684 8669
8837 9770
1635 8955
236 5443
1001 6666
2223 4182
973 6095
546 8156
5044 7394
5660 8849
5186 7893
3046 6224
780 1736
6956 9523
2730 6953
4958 7584
2136 4324
6322 8026
4794 9425
937 1305
7888 8929
5064 8756
7011 8551
2906 3722
9172 9685
5142 7917
7879 8662
1801 3698
5586 5765
3406 5213
2753 3885
4456 8296
4975 7872
2177 5730
772 909
7438 9466
5009 5848
1643 7510
3348 3524
2491 4149
193 698
1075 1817
1142 9593
5369 9606
1533 8982
1944 8842
3804 7546
3200 5511
1750 2666
3947 4286
1617 4788
2267 6986
8658 9629
5280 9352
3955 6802
9 5247
821 4301
1503 7289
7949 8955
1157 5007
970 4140
4179 5886
2462 7357
585 4015
3512 3912
6285 8159
169 8529
32 5876
3053 6385
4102 4548
154 5331
837 1024
506 1107
3178 9209
5165 6330
4761 9044
193 7188
4767 5197
438 9340
2404 9452
5826 9143
5086 5326
8019 8809
7667 8626
7625 8806
5048 8551
1389 9559
8152 9354
5256 9791
1795 8563
1075 2559
2649 8434
736 1388
1540 3416
7900 8037
1598 3455
8633 9382
3779 8004
670 1979
1575 5398
8342 8762
2721 5451
1745 3515
6474 7381
2687 6589
349 893
1000 7347
3602 6385
789 4305
4158 8977
4656 9176
1833 5456
5710 7452
2618 8816
2122 2512
4123 6677
1278 2744
3929 9225
399 5510
7803 9102
1417 8842
8215 9529
8633 9849
2202 5216
5228 8311
1030 3136
2160 2592
735 8646
4222 8387
5069 6737
1403 6450
914 6170
1357 8110
3321 4876
3399 5535
171 5807
915 4257
224 1508
5175 6525
3799 6381
214 9551
1294 6108
4203 7017
1012 8522
2307 7563
1895 4495
975 9653
6878 8194
3584 4500
3379 9734
3541 8256
1251 4329
1087 5859
634 7376
3518 4242
6709 9076
1329 6283
2955 4775
4760 5133
1363 2319
7385 8009
1787 8579
7134 7496
4524 9093
3882 7661
147 5054
3249 7334
3983 5319
6723 7388
2458 7118
3002 9561
2750 8718
1257 9470
6338 7106
4144 8028
2024 9308
5979 7541
5478 6550
762 7161
1531 6191
1497 8895
354 4977
555 807
6247 6541
5968 9337
2458 2596
3415 4644
2672 2737
4783 7889
2070 5149
293 2562
9254 9525
6412 7834
5322 5332
867 8724
8890 9531
5910 9518
210 6470
4418 9455
4961 7112
4108 8413
5026 5154
1894 4634
531 4127
2060 6176
683 5998
1115 2096
5758 8040
112 3777
3980 5171
405 8144
495 2330
7288 8721
3149 5265
1465 9353
4624 9274
1118 4479
4134 5902
3481 4036
2356 7172
139 1486
4127 8764
2470 7557
1196 1370
1859 6168
7209 9243
2728 6170
1815 7295
388 2471
1647 8910
2444 8935
4950 6201
608 2622
5202 5475
5064 5302
3647 5092
8149 8260
5638 9726
4317 6780
3180 9491
6675 9045
6857 6989
1620 9862
841 9462
3105 4443
3147 9863
4226 7522
6533 9530
1055 5493
3052 3725
4355 8408
4493 8836
2162 5290
300 4808
1021 4207
2421 5800
4161 5649
6509 7490
2644 7416
1110 7783
554 1778
4534 5431
2728 6506
668 3614
1332 9629
5051 8944
3807 6025
2758 9071
3353 8496
843 9760
6108 7004
2223 5419
1585 3419
2875 3676
7038 8774
4215 6890
1085 3014
1886 5978
5624 8546
3034 5207
5694 8491
3791 6601
1707 6681
7090 9779
7194 7338
2914 4124
1697 4624
1708 4602
6229 6499
6924 9083
1019 9707
5075 5395
4895 8502
2993 5277
5212 6806
496 5194
1549 9831
3916 5553
3005 3108
1566 8769
3971 9275
6226 9152
6442 8554
7301 8575
1285 4090
788 5326
734 1861
8402 8998
834 5022
2960 3347
2366 5349
4967 8926
1419 1534
5137 9723
8241 8436
8195 8968
6280 7259
881 5533
1278 3123
6284 9728
986 7160
421 5986
4638 4876
2404 9904
1962 2306
1851 5643
4883 5040
4734 5984
3958 7706
7170 8537
143 5082
3667 5559
3198 4468
5425 7975
5906 6788
5258 7601
1459 5504
4793 8995
4277 5911
5125 9366
3294 4607
2441 5987
2204 3752
7424 8043
1636 6997
3013 7904
2001 4999
5179 9512
8931 9270
3402 7836
1396 8795
1025 4765
2276 3289
5495 8281
4294 5788
1585 4067
5090 5449
982 9602
6250 9184
4692 8615
2150 2917
842 5614
1004 2265
2055 8928
1005 3473
4470 8663
6286 7986
1049 2845
4150 5495
3214 3299
987 9032
3776 4154
2079 2296
3675 4061
4258 7142
1561 2237
588 4450
4778 4934
8121 9399
6433 7422
4166 5845
1319 9458
2105 8658
672 5539
3743 5318
719 733
2430 3737
1281 1800
1276 5395
310 9895
6026 6549
7566 8943
5060 8685
2389 9289
3081 4304
5227 7466
2384 5741
591 6772
2431 5767
192 3417
374 6338
4125 8540
1932 6903
392 4245
336 5674
1209 7881
4589 7456
3359 8914
5908 7288
21 9169
1204 3094
2315 4376
1307 4918
1502 6947
817 1148
2696 6119
608 4825
1094 2205
4844 5148
5763 6103
1296 2767
7048 8482
1038 7729
32 9551
774 1287
111 240
5895 8427
2324 6301
1736 4288
655 8164
8029 8164
8341 8480
601 8420
1829 8491
2197 4409
8429 9124
960 2911
1379 5941
3186 8611
5293 5622
6072 9231
1523 6222
432 1821
2095 3025
4535 7657
617 7775
2409 4677
43 5617
2660 6208
2022 6753
2533 5368
3327 6551
51 5550
1073 4057
9066 9516
5032 6013
5899 6923
7592 9322
4683 7732
2585 7349
2634 3519
793 4820
940 7845
2281 6113
4791 9240
4161 6210
153 8339
2317 6050
1385 3282
440 4990
2877 3474
417 8984
3053 3115
577 5008
4625 5036
6652 8213
5185 7452
7568 7913
2753 5661
7040 7225
1960 9648
7371 9741
4619 8373
1061 7350
3999 4402
116 7092
3820 8046
88 3963
1489 7454
3805 5960
3521 3878
1326 1516
443 5607
6459 9098
573 9050
3314 4102
2787 8991
4418 8960
5339 7914
1515 7263
3808 7345
2480 6686
4306 8629
3983 7143
1574 6031
2183 7851
1125 9272
78 1061
6184 9855
2329 3087
6074 7158
2111 9577
4254 9014
3313 6676
900 7491
3377 5909
4940 6758
3740 7726
2688 4236
3237 8382
4156 8519
5546 6479
6167 6966
9644 9842
1414 3741
1314 3461
1096 6662
4917 5249
3551 6542
3977 9446
2400 5989
5561 5847
5786 7020
3302 6391
1290 7970
3755 8293
7065 8784
8027 8065
164 1983
3378 6734
2257 9498
4303 7204
1906 6002
3230 7254
4439 8079
1406 3212
2739 6446
1308 4026
195 3681
3988 7252
1429 7328
375 3476
8527 8792
1580 8026
7482 9978
1522 7635
1342 8648
3616 4417
9229 9713
1811 4969
861 8405
1066 2064
6040 6715
8312 9541
6547 8926
398 9010
5061 5163
798 4522
2270 4830
4464 8337
3720 7702
2174 7273
1027 8845
1909 2583
3839 6963
1545 8313
1269 6591
3905 6900
2245 5444
62 3393
767 6157
964 5427
462 6599
4200 5389
260 5605
1351 8761
3283 7655
7715 9640
4083 4246
412 4386
1664 9944
3561 8744
6886 7941
1078 3555
805 4481
4046 9350
7493 8059
8406 9805
6752 7264
7766 8682
624 6999
852 6865
6294 9940
1399 1780
932 5782
5352 5639
3883 4039
1839 7699
2330 4297
5416 6497
1057 7457
8316 8362
1114 4411
2693 8190
5223 7646
3368 3428
1493 4507
978 8478
5109 9921
1304 2585
1159 5943
4193 5485
853 9828
1696 7041
491 2856
1186 1788
5845 6059
7412 8909
2910 6050
8302 9419
267 2675
2774 4522
7067 8066
7024 8210
752 5701
2618 5806
1710 9594
600 8938
1988 4404
1783 1800
4477 8944
2089 4321
6072 6195
1853 8708
4009 6318
8737 9831
3879 8242
1625 9685
2615 5494
7622 8161
2008 7107
3000 6692
5042 7686
155 3787
6593 9986
959 2277
3117 4860
778 9933
5394 9393
2579 7124
2540 7719
3829 7317
3424 5172
7348 9840
8278 9946
8253 8736
3930 5664
132 885
2817 3660
7205 7250
6770 9310
2197 9252
802 4360
3544 9043
2222 5424
5527 8652
452 8455
7866 9563
1616 9458
3454 8018
6826 9073
1870 6901
7153 8739
1774 6802
4070 8139
1430 2001
4443 5371
1506 2456
4694 9068
3810 6877
4859 6336
1838 8168
1532 2555
1789 2898
5056 5318
298 512
4922 8769
4707 9151
7104 8323
230 7721
2989 7686
6508 8793
2862 5497
3336 7818
4877 9880
2680 9201
3662 4354
235 4303
2870 9951
7427 8832
3586 3587
8121 8240
3866 8615
1824 4469
4053 5692
3128 7291
7034 9242
3546 9655
4035 9932
3388 6146
5373 9395
3075 8538
3069 4436
3517 5141
766 6234
7549 9345
3378 9143
2438 9643
2432 5045
3309 5991
1202 1480
226 1382
5380 8591
2536 4436
6651 9752
1943 2534
1955 5481
3499 3564
2434 6071
4696 6215
1432 5165
5499 9879
5261 8987
1511 8640
6245 9324
3721 6977
1465 6259
1512 4181
8412 9065
138 877
4992 7978
4313 4449
693 3600
4321 9553
3466 6268
2359 3631
246 9065
3040 7458
4785 7244
3318 9560
4579 5202
6198 6929
3022 9542
1891 2718
4044 9492
2295 6272
6198 6796
3019 9611
4136 4743
992 2110
862 5456
5420 7901
1574 7912
3013 4162
1652 9732
2300 7303
1611 7560
171 2433
499 1105
461 9175
1809 3496
70 8320
9364 9948
2528 5750
1393 4279
3906 4839
1364 4854
7049 7153
2089 3035
4202 9821
12 5260
978 3032
4063 7752
2176 5025
7184 8411
6466 8086
746 7325
7505 9259
469 7015
404 4774
1640 7210
1892 8064
3680 3743
692 9894
8364 8592
1889 9548
142 5556
5219 5632
3952 4615
3189 3886
1172 6499
3946 6303
3529 7465
5460 8521
758 7878
2833 9103
4029 7179
7693 8747
1127 7592
2887 6838
644 8776
1150 7587
3652 8857
1052 5778
2438 6171
1186 2648
9625 9683
839 2868
2268 3259
2209 6545
3673 5861
8854 8913
1438 9587
3394 7679
3978 5925
7918 9056
6381 8583
5846 9177
1417 9620
5188 5353
1726 7638
9834 9836
1410 4756
54 704
2749 6522
4450 8804
4984 7383
1847 6104
4494 9911
3808 4807
3918 5232
6390 8672
1044 5164
1017 6353
223 7351
9446 9669
5364 8264
1693 5480
3453 7386
4377 7598
5178 6985
1354 3170
4452 6395
1153 4742
3564 4688
3001 9838
3039 5177
3426 6223
1539 4685
4709 6401
5965 5993
473 9758
5187 7318
3655 5738
3839 8025
930 2435
3042 5162
2931 7933
454 1171
752 7311
1733 6973
797 7703
3934 4526
8091 9039
2194 3126
2998 5534
1088 3534
829 5672
516 5958
3172 3434
2304 5767
2381 3658
6006 7771
3496 7372
7539 8347
319 7111
3977 7485
5108 5794
3575 6327
5992 9229
1525 1856
4059 5431
3524 7520
470 1548
6984 9506
995 4709
6132 7879
6073 9749
3294 6771
3449 5315
8218 9416
3365 4963
98 1079
2308 5469
2108 7260
8614 9856
23 1627
397 552
4245 7211
5199 8689
7691 9413
2132 7222
4126 7006
1911 8287
6100 7395
7536 8323
73 4929
5840 7653
3526 9984
2307 7057
7547 8511
4240 5470
343 754
1087 1533
4995 7364
3648 5931
3925 4290
5543 7958
4312 5917
2115 4261
3841 6264
9704 9779
1589 3735
3840 6383
7434 7758
4699 9053
2078 3695
6906 8747
1095 5866
6783 8564
1610 1851
5884 9729
1656 5095
2371 3902
1667 3120
3465 4368
2850 8716
1749 7510
513 2714
72 3701
4521 8444
5949 6885
4095 8585
1295 3131
2111 5997
292 8015
6650 7408
2044 9596
6036 7157
567 4736
2200 6627
3771 8971
7256 7531
2296 3495
6291 7147
1897 8553
4393 9950
1989 8468
5884 6890
109 9255
783 7315
2576 8577
9036 9323
8024 8063
3353 5109
247 2397
3444 7841
5101 8437
2748 8046
2231 4639
446 7314
1755 9619
4395 7036
342 9774
4526 9023
7222 7332
739 9215
8287 8374
68 8204
31 4813
934 5935
9261 9905
3337 9043
4411 5707
4464 7945
1442 7639
2755 8958
6670 6760
2063 5210
3387 9711
7274 7715
5541 5544
4573 6729
3619 5823
4753 5715
4909 6805
1666 8077
5245 5498
5308 9703
1151 7243
1767 6845
1370 8871
2841 6396
1951 3075
1553 3611
4330 7337
1470 4803
638 5702
2635 3522
1244 5880
6403 9730
342 6773
2240 9299
1571 9909
1246 4300
162 4599
5505 8421
6094 6892
1945 5636
5442 8688
545 4701
7606 9443
3900 3986
3659 4282
7767 9096
259 8915
990 7494
515 2757
1503 4473
8381 8499
3649 6626
6190 7462
1961 8751
8942 9549
7972 8784
4622 5890
2968 8714
8258 9909
4 1218
1922 6762
1343 6653
4269 5116
4407 7764
108 252
376 9118
7997 9460
2861 9752
3685 7669
3561 5065
7965 8922
916 1234
891 7903
4387 5418
1673 4826
3838 5626
2710 3956
5948 6163
422 645
5506 7896
4022 5712
6558 9724
1972 6532
7167 7476
8730 9172
1648 5157
258 6453
1065 4225
2703 5799
2221 9125
3455 5258
865 8791
594 3684
6721 7901
3152 7509
6483 7236
927 6461
8775 9046
340 2985
1111 5648
7527 9381
1520 7749
178 1810
395 6291
773 8290
3520 7436
5420 6556
8219 8998
7821 8614
7687 9264
5184 7887
4333 7116
6648 8745
4080 4838
5168 6149
2780 5468
1192 2526
1599 5754
918 3934
2360 5213
7846 8997
2340 4562
1397 8410
4280 7369
1182 6580
7047 8218
8624 9183
3557 8762
2401 8565
1153 5594
1450 9203
1018 5517
5347 6340
3205 7642
3499 5879
980 6741
333 1814
86 4536
820 7000
284 2318
69 6162
1662 9293
463 4129
6303 6586
849 1035
817 8985
40 6986
1348 4601
6754 7905
4154 8568
3312 9686
3918 8417
945 5582
1072 5584
2580 3779
3728 4252
528 2840
3070 9087
1062 9048
6538 7662
1407 9000
1876 9434
1785 2378
2550 8858
5285 6753
3457 6969
7794 8136
4766 6685
48 7043
4400 9916
1106 5047
6696 8471
2805 6996
7696 8383
3451 5653
7486 8476
7854 9085
1739 5691
177 4563
6304 8895
2149 4325
4441 8394
1819 8416
7359 9011
1921 4072
5291 6374
1100 2368
3096 4772
4630 9249
458 5433
7375 7724
254 6207
3012 8618
1706 9022
709 8576
507 7864
3043 8108
6569 8337
894 8187
5790 6092
1781 9625
5437 7138
4371 8192
3877 4525
2479 7980
2065 6878
207 9883
2599 8355
7908 9022
3613 5688
2950 9521
1975 7540
2785 7117
2084 2426
1608 8692
5491 7593
317 8283
2706 9523
6180 7436
6643 6793
8269 8782
864 8399
4198 7497
4716 6603
921 4998
1056 4702
3553 4366
1969 9163
2271 6199
834 9221
405 3656
9014 9269
1571 6437
3174 7647
5259 7070
1968 5017
279 5976
2158 3991
3701 8645
8907 9547
5010 7922
6839 9615
5142 8335
396 9207
867 8900
2009 8627
4873 9770
2764 7618
3402 4801
2144 2799
3991 7174
1185 7600
3347 5952
6001 8203
5988 8600
3586 5031
5304 6970
5490 6463
4502 4808
6490 7513
2598 9532
2923 4985
2742 5623
1685 4518
1843 8726
1158 2302
3504 9540
3727 5769
6117 8419
656 4425
6314 7084
753 5862
3083 9481
1942 8591
5150 8020
1259 7894
315 6847
3570 8989
1224 3715
919 6000
1244 7762
275 3562
1986 3190
5548 7214
885 3641
8180 9487
3542 4033
244 8637
554 7783
153 929
6648 6909
5986 8860
1180 7128
1267 5988
1449 6631
1702 7548
548 8910
141 7379
3707 7478
386 6655
1308 1464
5393 5689
4362 7781
71 2568
2708 7976
6640 8603
712 5473
1861 2963
6983 8301
1387 4307
2288 2996
4006 8750
716 2662
52 5959
3891 5178
2294 4309
4121 6771
2210 8320
5711 7906
3739 8389
22 9418
1821 3066
2685 5973
592 8282
5080 7110
7013 9819
2724 6979
4819 7811
4094 5375
4187 9347
2997 3260
5069 8975
2414 7594
4504 5297
2799 6116
4693 8610
369 3972
876 1625
1638 8782
763 7827
667 3734
4682 8013
4921 6155
1499 9435
636 9967
1730 9009
1324 9907
1071 1928
5855 6445
7389 8588
9186 9891
4606 9756
2823 5737
4196 7440
2311 6980
4922 6610
1993 7849
200 2432
7007 7137
2077 7815
2590 7806
2093 2983
3214 4013
150 8144
4514 7683
3388 6562
288 9163
888 8681
3479 4535
401 8807
1067 8451
1864 7637
2094 9481
3350 6276
4397 6452
593 2204
2727 8917
3822 9233
6067 7753
197 7077
2286 9003
6868 7829
5729 9860
2582 7472
5241 8874
798 9180
4055 7495
8092 9736
1009 7552
172 860
6368 7126
1883 5576
7763 9771
6227 9400
1897 9408
2564 6581
2339 7701
1095 1380
1811 6345
4970 7475
6213 7746
4455 5534
270 7025
3165 7462
8206 9001
250 9893
5739 6352
8155 9274
4386 8290
2711 2890
6395 9874
2781 4147
7490 9922
1838 8457
875 9345
4446 7998
1273 6806
2339 9989
1200 3817
2843 4000
7115 7843
990 6921
1393 8097
1976 7177
1283 6951
1281 7981
392 7706
9631 9694
7206 8390
4819 9358
4278 5644
2383 5479
977 5027
5055 9707
1396 3647
5251 7983
6349 8493
1757 5957
1018 8431
2906 8387
5612 6138
4529 6075
1927 4772
1772 5919
5892 6192
5035 5651
3831 4434
1596 8458
3573 7319
5105 7897
1564 9572
1751 9588
3393 7418
1292 9651
5774 8240
8631 9565
1007 7561
3954 6281
3345 3594
2327 7944
2750 7140
1710 6695
6360 7237
768 7934
5020 5112
6606 7399
1709 4918
2188 3423
3180 8403
3604 3990
1032 8280
5857 8823
6364 9077
5267 9465
1408 4882
1863 8523
4877 9454
736 8945
2644 3003
1366 1637
4719 9150
6178 7323
3551 8367
3379 9589
3610 8266
2256 9873
1089 1441
5458 5562
2067 6581
1147 9244
1263 9917
6406 6687
2563 2868
4143 8504
2483 7618
1786 9861
904 7899
8803 9035
1898 6843
5014 7841
5476 7481
6023 7883
3947 9250
3048 9030
7298 9692
3092 8296
2979 7057
3872 8581
5657 9151
101 5668
882 7129
8055 9554
5850 9986
385 9447
968 3209
486 5204
323 8428
5360 5547
586 9924
7270 8223
4693 6701
3148 8001
3004 4665
6102 9019
755 4106
263 3688
8584 9431
6652 7169
6187 8140
1836 4457
2154 6577
7814 9813
5897 7119
2051 5939
4089 4823
2572 4577
1887 4292
2681 5397
4783 8365
5253 9939
845 1197
7336 7929
4984 7973
3669 8329
7515 9657
3019 6462
2844 8286
2810 2982
4957 4979
6091 8301
681 3061
4911 9633
4815 8970
1727 3011
4895 5425
2938 8846
2110 2148
5367 7620
2689 9130
5 4180
202 2925
8606 9834
2690 3967
5523 7791
2156 3494
4506 5707
1850 7873
579 7642
3354 5794
4491 8517
2137 2251
1896 7888
1865 9031
3399 9469
2388 9822
2375 9821
851 6068
854 9961
1578 3724
937 7251
4396 7289
4163 4870
6049 9948
2927 5974
7127 9343
8783 9106
1967 2912
7613 9574
6786 7275
5145 6210
1784 2944
3274 4277
2653 4031
2196 6447
2601 9735
1674 9867
9317 9837
297 4399
7121 9849
4910 8690
5194 5736
963 2956
4615 8776
3234 5512
4504 9868
6932 8987
2506 4608
2928 4549
8183 9432
4109 9843
965 8536
1899 7876
1166 8907
4419 7534
3226 4096
6954 9002
2496 3819
4171 5923
1615 1894
4333 4613
684 1951
1869 5899
895 3218
8684 8746
3840 4207
6109 6839
604 9411
3208 8752
2984 5438
3655 4794
93 8356
1391 5454
3544 4581
181 6542
256 4388
8089 9162
1441 2074
166 8770
6699 7356
473 3830
8358 8818
3359 4545
880 4315
7261 9553
3434 6713
628 7738
4645 9081
1634 7590
1019 8175
7471 8050
2625 3319
6127 9677
1219 2990
2540 6843
6423 7363
3966 4465
3665 8190
2853 7243
1644 5658
472 7826
4407 8693
2350 7541
6864 8002
3213 9646
532 5392
2080 3846
2472 2970
2507 4536
1742 8467
1447 8760
3056 6735
7489 8185
467 5576
1893 6689
6319 8671
1261 2398
835 9620
4477 9889
642 7664
9055 9108
147 614
437 1065
1948 6674
560 5483
3615 6043
434 3104
3089 6053
8034 9938
5170 8562
1211 3726
4864 9425
1359 5264
1376 6837
80 1973
4293 8969
5578 7433
5158 5824
4981 9173
1793 4167
2033 9544
1751 5601
2291 8526
530 6990
2488 5838
3870 8567
1332 8070
1631 3692
7046 8598
1494 9181
7269 9786
1400 5728
1933 4786
928 1589
272 8647
3860 7135
57 6144
6796 7164
2113 6671
2345 2789
14 1616
1582 8604
1520 9220
17 9049
2247 5656
8852 9639
5674 9729
3024 9405
8466 9353
2534 7752
925 4712
2747 6615
476 2911
610 5830
2777 4993
21 8231
692 9170
1885 5460
3866 6238
4268 7664
6327 8793
5693 9809
1718 6252
5516 7485
1937 3371
6444 8934
7219 8549
508 2846
3190 3858
7623 9462
5263 9224
985 8651
1202 7692
825 5649
2630 7299
4227 7537
6809 7130
245 4002
2884 8151
2546 8161
3386 5417
135 5737
40 3841
4177 9699
3535 3801
642 5665
5174 8509
1099 4507
551 8759
550 6911
3828 4451
3274 4189
3906 8404
3588 9766
5699 6130
1877 4716
7622 8594
3528 7735
5587 9321
5370 8185
3693 4302
7059 8134
2669 5198
1724 3410
3404 3903
3899 4636
4774 5204
5642 6250
1435 4437
4499 6232
2299 5046
6959 9903
4676 7273
2505 5823
5913 8986
389 8454
430 4651
650 4217
8341 9781
4040 9784
3908 7983
6297 7465
3913 7757
2869 6201
924 9015
9395 9396
1137 2766
6491 9994
6908 7282
3437 7669
3432 7073
2718 3235
2921 5783
1420 5709
3317 3972
1949 2551
1284 4923
2030 5963
2247 2370
1098 1249
4713 6188
1392 9451
1400 4370
5073 8271
5321 6784
7121 7449
6503 9346
9662 9973
274 6962
6987 8822
326 4172
8969 9315
460 5004
2515 9157
2831 9385
3284 9311
155 9896
3533 5399
3614 6394
8800 9459
4871 6627
1195 6356
697 4130
2464 9474
4391 8548
1587 9494
5898 7469
1460 9696
2498 9223
4190 5484
3763 8201
2972 4503
6828 8680
6871 8305
797 4711
2036 9056
1547 8512
1880 9478
3992 7483
988 9726
498 8163
2078 3698
888 4647
7338 8908
13 9028
666 7611
911 3176
2822 3970
3135 6401
27 2069
647 3243
1374 5894
661 3988
6809 8041
1158 7492
3635 8748
275 7340
4412 7426
3068 5891
4101 9531
3050 4825
801 9777
1140 3481
85 2626
4129 8089
309 1336
5549 7180
1853 3228
2195 3722
1749 7795
1344 3307
6967 8384
471 4829
954 3242
1814 3192
7828 8654
44 8963
7235 8131
2003 9222
2449 9053
6943 9632
2700 8487
5032 9188
1740 7432
6425 9928
5454 9075
6898 9524
1268 5363
263 4655
4766 9564
2983 7196
2049 7756
3868 9135
76 1496
2517 8558
2376 5331
1874 2269
4642 9497
704 7369
5857 7193
5827 8157
1199 9453
1452 1872
2940 9055
1613 8791
2436 6571
5779 9089
4065 7835
1581 5341
353 4617
6386 6688
5699 7377
3705 9988
7209 7657
5700 5993
154 1834
541 7144
317 7723
3123 6057
2068 4456
2638 6426
4337 8135
5043 6588
6122 8598
1113 9993
3578 4025
6029 6605
1885 8172
646 8530
301 347
3634 9981
274 4084
3132 4239
50 4045
2212 4942
388 4005
4283 6085
3911 7730
784 8631
1495 4865
5006 5250
2573 9199
883 9234
6867 6928
5819 9645
3681 6013
3064 5013
3754 9595
1971 4387
2135 9141
47 5468
3311 5852
3249 7119
4628 8245
148 7348
5419 8199
2170 6269
1840 3458
3469 6858
3536 6018
1064 2561
2395 5005
4393 7302
2604 3129
1913 4803
5909 9195
2154 2834
3990 7892
2477 8847
2423 5989
2791 7428
4660 7244
5901 5915
2883 6641
1890 2289
206 6360
7772 9318
3502 6508
8786 8878
485 3938
5001 5831
3848 5197
6968 7742
6566 7731
2796 3910
2623 7590
4050 4682
1628 4152
3570 5990
3101 3715
1808 9144
3252 8853
1383 3712
2646 4050
7779 8949
853 5522
597 7979
4073 8038
7670 9934
1812 5067
1734 7202
555 4889
3287 5833
2869 3070
3753 5430
4474 8196
6161 7848
5586 8732
3975 5647
4473 8181
4538 7674
1860 5964
1272 4879
2940 5706
8048 8772
2524 7234
4174 7395
61 3733
806 6492
8469 9128
1689 9116
3758 6052
1365 4017
4204 4332
7464 9721
51 2259
2879 4096
1504 3421
3187 3364
4810 6029
2372 7538
2872 7801
350 5808
257 7162
3310 3412
3508 4414
291 3821
2838 3602
3595 4319
6889 8713
1115 2763
8326 8988
6914 7173
6068 6778
883 2430
5523 7241
2518 4884
3751 8903
3239 4106
6704 7855
5348 7819
1594 7445
7634 7682
4505 5766
2936 5369
6205 6859
1317 9913
3325 4264
5376 9954
7335 7968
277 3927
2065 8954
4138 6078
9923 9991
2113 7580
1957 3710
435 3091
1946 9537
4145 8861
2594 5269
6161 7408
6787 8079
1390 2345
183 6760
8611 8843
1624 6333
1356 2571
2986 3253
5530 9844
2591 5593
1220 7559
729 8951
6005 8092
4225 6421
2119 6104
4159 6846
1166 2924
2709 3617
2593 4051
2469 2669
2285 5684
4681 7920
1243 8668
5492 9278
570 7685
146 1745
6030 7362
2440 5497
3648 5517
1177 3411
3670 7405
2741 5160
7558 8695
1456 2087
2367 7157
1862 9633
7836 9936
581 6560
1394 9829
2429 3255
5307 5759
2475 8650
1373 8696
2800 4646
976 8525
3684 5789
3063 5979
7184 7581
4850 5841
2973 6829
7100 7777
9236 9437
271 2854
8193 9316
796 8120
7297 7701
233 6583
466 9864
9027 9064
5206 7753
2201 3284
5496 8054
6519 9029
542 868
2314 7398
3281 9544
6632 8767
929 9414
3511 4029
5255 7473
1473 4361
1619 6154
3572 4978
9078 9253
3318 9414
134 1126
2780 3621
2233 2499
376 9298
6206 8751
751 7956
8610 9394
4402 8462
4856 5900
2203 3611
5569 9392
3795 8329
34 1316
2112 8303
1454 7037
1871 2815
254 9900
1822 4787
184 6810
4318 9457
1457 2279
2317 9495
6290 6658
1827 4409
734 5471
2153 9402
6386 9630
6254 8328
1711 6880
6578 8990
351 2569
5296 5382
1695 9847
4971 8145
2846 5405
810 3637
5781 6384
3985 4155
2045 9275
3994 9448
2167 2867
121 3903
6820 7788
7680 8106
4899 7080
2252 9655
2391 4111
5581 7572
2674 7704
4707 6159
6167 7589
3545 6855
1806 5451
4042 6246
4240 8756
653 1248
2530 5329
4799 9835
3623 7934
880 5400
3351 9435
1185 2523
6887 7817
5220 6756
2962 9312
2974 9875
666 4897
991 5669
183 9266
618 6979
35 5838
3921 8858
1773 7262
6475 7811
2299 7822
5887 7285
4531 4909
4232 8665
804 4475
6575 8990
3660 5830
249 9623
886 5262
504 1734
5422 6045
2798 4460
1119 1188
2769 5472
1462 2009
4586 7071
1203 8082
5480 6102
1315 2643
1504 4350
4265 5201
2981 8289
3894 7028
1762 2393
4318 8200
3441 5763
2474 7102
6111 9557
987 9199
3170 3407
3932 7610
1903 9660
2504 8429
6020 9451
4887 7982
649 6238
5866 6570
1541 8822
2528 8005
730 9119
6538 8252
79 3936
5472 7820
2645 2903
4019 7087
3152 8589
799 5429
3846 4954
3725 7890
4519 9273
3658 4690
1572 7730
5703 6940
3292 7764
7553 8562
669 5305
3835 7716
4046 4107
4316 7898
1407 2248
2607 7321
1701 2761
7582 8273
58 8058
3636 7571
5969 6169
3097 9226
1413 5816
2565 9098
1222 9598
4088 5732
1806 7659
6741 7822
188 9628
4294 6910
1858 6431
427 2056
1986 4201
2889 7150
2525 6042
1134 9429
677 6888
4554 5453
600 5041
5148 7399
4431 9899
4673 6574
688 6579
3446 6569
5034 6040
5325 6611
680 9047
1715 6664
6789 7593
1105 6148
4816 6096
1141 3149
1577 4144
3212 6871
4926 6234
6709 7665
710 6003
3709 8684
1223 6240
439 5922
4665 8533
2184 7559
7758 9518
525 6872
4188 4697
7710 9084
3250 9996
904 9857
1546 4608
5973 7597
7997 8515
3046 6995
3457 5317
1675 5835
4115 9161
2844 3699
5334 5602
2675 7596
128 7946
652 8884
6484 7529
2363 4064
4160 6070
4210 8742
2769 6764
5728 8178
5132 8186
7785 8051
2185 6622
4546 5543
2434 3847
544 4502
2097 9326
6122 9600
3870 7416
4589 9820
3006 7366
4235 7992
1679 3100
2000 7941
6651 7280
2722 4973
6467 8069
1877 9949
3018 3395
4488 5373
324 4427
6187 8800
4614 8687
2987 4914
1603 2862
558 7678
4720 6891
8103 9156
2928 5496
1467 7806
2407 2979
364 2418
2456 8395
2305 2740
145 2835
2959 7612
6372 9618
1478 4545
822 1875
5675 9424
631 6343
1037 1605
6826 8922
2827 5590
4182 8154
2369 6557
903 7977
1543 3887
4862 8947
7346 7614
870 3484
2845 3326
2424 7756
3847 9515
296 882
5243 7751
737 1592
4146 9394
5150 5596
2990 3683
2056 2686
4336 7189
2117 5872
3519 4503
89 956
925 1977
2054 2687
3275 6668
2332 6253
7711 8780
113 4966
1250 7371
1403 2941
399 997
1735 7267
2408 8257
228 5447
2038 4972
2221 8147
8033 9609
6060 8712
5745 7388
8994 9439
2907 8399
623 7105
4771 9757
5912 7139
3151 4647
520 6063
203 2737
5536 7802
191 6361
2064 5217
8014 8135
425 7365
3948 7444
6779 9946
4251 8448
6403 6982
3133 6156
6069 6942
321 4018
6239 8705
4288 6781
4134 6249
179 1536
2679 7182
1204 4165
180 6419
1724 3463
7736 9371
2635 7923
2416 9368
7 7352
1884 9604
4679 7524
6736 7223
140 4041
2157 3220
6083 8007
745 8887
4335 5205
1118 7292
2738 3268
3813 9438
4259 9475
6322 6699
2599 5805
8271 9335
3054 6575
1550 3525
3657 7267
2174 6991
5104 6568
3301 4932
348 5594
2146 7578
824 8275
3320 7331
9572 9760
6253 9463
4226 9157
4821 5798
424 9993
1744 4026
2109 4036
1655 6677
4467 9426
4736 7488
4828 7682
431 1139
2062 5228
3679 6685
4561 5278
3803 5873
152 2542
2459 3855
6644 6865
2882 7356
6478 6955
3668 4793
1245 6788
8309 9826
5225 9260
3689 6990
766 9461
1154 7626
7469 8940
3029 5376
4376 6876
402 2102
4580 8345
3576 4263
5972 6379
3672 3690
1216 4901
6996 7168
878 6936
5196 9441
7192 9506
2332 2784
1154 7699
6867 9149
650 1249
5939 7316
5602 7609
1310 7726
5519 6305
5666 8645
3899 5858
5805 8526
4939 5671
3634 3760
7748 9763
3806 7271
6654 8236
4298 6051
241 8966
1346 4273
5235 9339
3538 4587
1082 2351
455 7766
2508 2903
1660 7916
3364 4846
3375 7414
5956 6387
7950 8447
2316 5717
2792 5971
2533 7456
319 3924
7813 8520
90 9852
5965 7063
363 6507
6288 9612
9049 9325
1587 6188
1138 5864
7544 7695
5538 6518
8105 8199
3822 9789
3799 5218
3995 7044
728 8796
169 3580
1747 8283
6513 7431
4508 7800
2704 3308
564 2035
1703 5610
5885 6550
6438 8727
5240 7969
2495 5949
3146 9798
4670 9263
2610 4891
8978 9879
2046 2857
3269 4627
3818 9127
8224 9117
1569 1881
3139 6673
1468 6714
2806 4620
4340 5086
1996 6692
2980 3884
6357 9302
8035 9041
2399 7993
2588 8085
3801 8104
3145 9846
784 4016
5203 9301
1770 6883
8138 9281
1469 3232
7770 9489
8137 8380
2638 5048
6365 9640
1889 9661
2504 9808
2155 7178
1340 7674
6700 7897
3392 4952
132 4947
2069 8623
3363 9355
2842 5212
679 3999
947 2245
4728 6075
5106 9687
920 9669
8248 9789
7439 8000
808 2041
4672 8479
7240 9482
1194 4253
6512 9007
857 2849
6208 8139
4935 8357
1593 2115
3573 3645
5332 7748
8916 8972
4139 7137
2732 7238
2366 5591
4598 9070
115 8141
1835 1949
205 3583
2390 5114
7985 9888
3333 5248
2663 3986
1420 4586
3427 6707
2783 3048
1557 3444
8973 9176
7620 9222
2367 9917
7303 7671
163 1235
2880 8698
3142 9876
2156 3889
3156 8010
7396 9331
5329 7973
808 4845
3975 6929
1651 8169
3827 7907
6553 7585
1495 4062
3027 4767
4324 6906
3858 6722
7847 8056
3233 9858
4769 4861
7019 9343
1205 9743
7472 7924
625 1221
5379 5463
2060 6730
3161 6590
213 4417
343 3560
4474 6636
6324 6379
1548 1607
1779 7049
2184 6714
1 616
2447 2732
8093 9810
6418 9814
2926 5708
4301 7749
747 5030
114 7183
626 4497
832 2059
4088 7605
4384 9182
3823 4926
5652 8665
7061 9346
6720 7940
1240 3605
1162 7584
304 3189
2346 9217
6115 6277
3293 6731
582 4702
5501 7968
1972 5452
774 4814
4564 4847
1006 8770
698 2107
4812 7710
2419 8061
60 7560
3221 7954
5608 8267
6331 9380
333 394
1995 8816
1785 3525
2984 9502
5537 6936
5941 9829
3266 7410
7367 8025
3145 3731
410 8545
3723 7088
4052 6411
2725 4770
1264 1923
5250 6696
6803 8289
2607 7676
1168 9149
1683 5272
3737 7339
4725 9801
5024 8225
2857 7411
4851 8292
338 6604
2897 9663
5372 5770
4701 8593
1076 7211
6841 9543
1130 2023
121 276
8386 9786
3408 4214
39 5629
1626 6329
6391 9136
7607 9794
3090 6263
938 1956
3000 7628
9477 9884
4741 5486
5688 7428
4300 6693
5029 7610
97 4626
5174 9743
3256 8649
8310 8688
3150 5977
749 2820
2746 4982
2762 2853
2665 3217
7649 8425
1120 4840
1529 8146
2178 8119
3746 4704
143 5004
2230 2493
3060 5173
3044 3372
1615 7517
1784 7842
5489 6718
1768 3713
4699 6543
2760 4341
6494 6634
3692 8456
1980 4381
2958 8409
5509 7917
2337 8488
3469 6941
979 6182
848 3493
1795 9109
2592 3488
4338 8664
4148 9257
1190 5914
380 7631
9660 9697
7191 8902
3935 7401
2553 8073
4930 6923
639 7830
67 6164
5295 6514
1608 7525
231 5246
1383 1411
999 4532
84 6471
961 9213
5063 8377
3603 8363
2140 9856
2063 2558
2639 9320
2881 4518
283 1229
1798 4289
2116 6548
6419 8859
2363 2838
2541 4274
270 8308
3624 7249
5336 7923
1001 7700
4194 6135
3174 6089
6224 9597
1279 9306
3484 5817
3240 8967
4820 8422
887 2133
3920 4390
1409 5384
1754 2331
384 9859
7109 7265
2710 4863
2631 7586
5238 6320
5299 10000
1621 2301
1678 8410
2548 7521
5886 6237
29 4937
441 7133
182 5734
974 3312
7146 9467
493 8446
3942 4435
574 6287
2057 6258
492 2164
1142 5724
1397 5132
2000 2391
9411 9657
1977 8743
6678 7051
1618 4000
753 3860
1700 3730
4116 9817
2021 5276
1069 7386
5875 9377
1269 4559
4584 7617
4664 6814
4405 5314
3674 8682
5540 7886
6177 7747
3376 5928
221 7816
3230 5975
5822 6816
7996 8448
4948 9268
2733 3606
7085 8763
5387 9509
788 2080
5569 8263
6140 9997
408 9358
2315 5733
367 2855
3325 6755
8299 9459
2949 9615
6663 9077
5677 9091
830 7976
3833 8557
2754 3787
854 6362
1289 9613
94 5404
82 9089
1456 8607
3819 9428
3026 5682
910 1918
5870 7987
9682 9898
966 3202
5288 8248
4620 5265
1032 2427
655 4122
2392 4587
3818 8637
344 1562
2096 2535
858 3078
545 3820
2145 9796
557 8624
3171 4494
7304 9940
1398 6617
2602 6342
2782 5750
2952 4396
3283 6847
2689 6665
10 1331
401 3311
607 8607
1213 1240
1803 2751
7201 8968
1796 6037
2796 8082
5330 7033
151 8866
7411 9397
2264 6870
2809 3111
1183 3952
5071 6131
5164 6615
3643 6547
1112 8122
8870 9529
1217 8532
8462 9803
6624 8103
3622 7963
4340 7690
1227 9018
2137 6559
6200 9048
264 5306
1131 3258
2463 7925
1054 5186
2568 7350
2583 8281
4490 5822
4320 6034
6426 7759
1728 5743
1022 9432
4751 6428
4875 4925
4428 6950
4972 5392
241 775
578 5509
3621 6913
5762 9228
2034 4021
5634 6387
546 1669
6783 7981
2774 6073
346 5124
5487 8360
243 785
5130 8095
3210 6315
2478 3112
5888 7032
850 7055
1048 5177
1146 6887
840 3958
6700 6776
2657 6531
3130 6606
3392 3708
1766 6551
1257 4392
8229 9045
215 764
4125 5893
984 9711
2484 5717
1195 1584
6317 8590
299 7042
1063 8054
2961 8288
5297 7931
4126 9436
2399 8411
1637 9192
6571 8810
2759 5779
5812 8625
1567 8497
5158 9521
862 8528
1731 8236
2673 2859
5139 8252
4206 7561
501 5515
2717 9827
1183 1692
672 5137
7151 9145
2191 6925
1618 9188
5035 9569
5787 5904
6065 6824
2719 5862
6281 6881
1353 6300
3748 8100
5751 7656
8542 9074
1777 7564
106 5883
6616 8603
3215 4314
3097 9484
390 8488
2061 7812
993 2145
786 7011
6530 6658
5836 9013
3811 9670
5190 6124
2932 7095
7387 9826
9241 9437
2904 5467
5477 6931
3683 4505
1064 5275
173 9850
8023 8789
846 3533
2027 6481
3397 4291
1849 3113
7212 8221
3182 7921
1375 3041
2352 2477
6017 7757
2771 8979
3585 9562
863 2048
891 8957
2272 8081
5248 6548
6554 8595
5747 8124
5253 8632
832 3686
1248 9210
5568 7765
2786 2945
2509 3242
5014 7409
1769 8933
1368 3161
1856 7299
1999 6000
7597 8893
5774 6988
284 1729
4476 6684
3909 8680
8936 9617
4555 5155
4282 9011
4398 7826
2284 5357
1729 9774
3411 9647
6342 9698
4957 8903
1120 1716
481 1083
3645 9059
2874 7813
2468 3086
1741 2839
107 8129
3157 9918
4348 8792
497 4093
6931 7314
1790 3562
1753 4401
4941 8104
921 8452
4453 5780
4575 8006
9348 9650
3552 7804
6959 9472
3791 7217
4285 6199
1265 4662
6681 9710
1235 4476
123 1568
3842 5798
156 2357
1192 4814
2177 3306
1300 4551
6046 6667
469 9578
2172 8729
248 8116
4459 7380
1170 6271
7579 8706
3773 6486
2905 3836
4487 8408
2248 7769
2829 9928
422 6469
3175 5985
7373 9974
2420 6119
3438 6984
1641 2259
1238 3719
5045 6608
42 1230
5432 6147
4497 8844
2532 7036
626 6341
2105 8861
6370 6940
1013 8586
5277 8303
1659 5307
4166 4983
4953 5173
5192 6354
336 3247
807 3404
5861 9106
7894 8279
2864 6443
1958 5452
338 5461
6128 6821
2682 4899
495 5227
1984 6237
923 3944
5110 6046
2684 5176
253 6306
1156 5076
578 4188
3567 8891
951 2394
159 7866
4070 8940
5548 6864
1028 7693
782 8639
615 6181
1704 8233
1982 5533
4209 6275
709 9084
1008 3352
4234 4437
3917 4668
2937 3057
2012 5101
549 5023
7660 8563
1460 2880
6375 6405
4552 6302
5964 8918
3031 5668
616 8831
1590 6297
871 6896
5784 6466
3376 8028
598 3489
4703 8783
720 8821
2396 5976
3004 8839
3098 7226
7074 7880
566 5210
776 7818
4921 5346
5330 7419
7001 8090
2013 8057
9464 9822
1872 2018
5520 9464
3210 3845
3849 7856
1033 2396
1135 4487
7207 8317
2310 7759
2175 9882
6938 9930
855 889
4213 7578
5046 9672
8400 8459
4485 8270
1070 1916
3907 6340
2819 3554
409 4375
1757 5756
3438 9910
8372 8440
1006 9522
7611 9033
2922 8749
950 8959
2289 8415
3921 5038
316 1941
2236 6261
101 1335
2008 6411
4281 6457
11 3587
4806 7441
1523 8291
229 2151
5196 9212
318 6647
1299 1686
8022 8452
2269 3498
3928 4681
4357 6472
2124 8259
3968 5619
125 2316
792 4100
4308 5506
1846 3601
4524 9094
3295 5555
2320 6258
2619 8666
4047 7415
5932 7760
2193 7528
726 6007
2967 3916
377 4896
1362 9160
5615 9443
1791 4085
768 4759
2066 6097
1279 2778
2275 5580
3424 7385
6230 6896
3106 3740
5246 6755
106 4315
4190 5696
2410 9070
52 7481
2374 5366
174 1302
7451 7514
2067 4237
5037 6389
8507 8732
1026 5294
4319 9235
1398 6682
676 6279
1649 4532
4367 9692
8072 8463
6478 7363
1374 6424
7545 9749
7166 8220
1917 9225
3527 7651
8147 9912
3617 5637
3490 6380
1831 6218
203 2212
2756 7677
1168 4142
6282 8964
6667 7865
2028 9100
1963 5795
2321 8011
237 8936
4968 9097
5147 6680
4 7103
4836 9717
5144 9991
349 3884
3599 4430
1763 4661
4091 9702
5652 6705
133 9846
2129 9602
7016 7725
700 4973
5092 5099
3394 5070
1161 3898
4726 7492
5093 7732
39 9718
1679 4122
4272 6165
2380 4954
6598 9574
991 7052
6398 9069
775 1950
6649 7537
7771 9485
2193 9722
2502 4913
4654 7819
6582 8380
2225 6264
2690 7341
9290 9563
3770 4818
2905 8906
1476 4439
5609 8951
3706 9410
8208 9082
2390 4807
1672 5698
1005 5120
6306 6468
1998 2501
2819 3026
3843 8354
57 3940
1455 8352
5825 8654
2490 3856
3600 8243
4670 9200
5924 7878
5224 8519
1705 5471
8295 8490
1387 1457
3028 8179
6546 8279
2179 7477
4527 7741
6645 8628
1352 4849
7722 9583
4009 6286
4212 9690
7035 8661
5251 5407
1321 5567
1054 2038
7880 8921
3640 9066
80 9635
1650 6410
4120 7698
1528 6919
1974 3220
5757 9653
1034 1792
577 6218
371 3063
800 6629
487 8763
2883 7104
150 8184
1813 9717
5443 5466
1227 6112
5953 7850
3184 8195
1768 4295
2054 5518
1964 4363
1524 9953
2281 7232
711 4974
1904 7734
1077 1845
3187 7343
3691 8534
6799 8457
2405 3304
4832 5119
3217 3661
669 9304
4817 5526
7131 7972
7050 9294
2519 4613
920 1228
872 1588
5002 9166
224 5382
2107 3640
172 917
3729 4695
6621 6745
6309 9684
2896 3480
1525 4104
3644 5785
7108 7970
3227 3277
2258 3162
1713 6194
2613 5839
7665 8486
3051 5026
2021 3926
5968 6708
5967 6976
2761 6367
1121 8305
2228 4289
3863 6621
3639 4552
4622 6900
517 1088
6895 7627
1563 8495
26 7027
136 1582
255 1826
928 6123
1028 3262
3727 8838
5351 9173
3789 4520
3764 9773
6869 9934
8170 8755
1620 3836
3398 8596
3716 9390
142 676
126 710
416 1798
5040 7159
4610 5341
2563 6270
4420 7186
4364 6318
5566 8246
1298 8471
5766 8019
5521 9832
6169 8636
3716 6673
815 4191
2779 6319
5489 7342
2503 4776
7002 7521
4199 9887
550 8182
3412 3815
7599 9374
4621 6712
5583 6409
9202 9369
4809 5731
5453 8342
3812 4482
4911 7950
2270 8518
6822 9487
2312 8720
6111 6446
6732 9450
2108 5868
3483 8392
2495 3429
2295 6434
4287 7256
207 9231
6848 8314
2129 4208
1475 9095
1567 9248
3711 7374
7789 8101
2039 8107
2088 5975
1228 7908
1246 5301
742 5629
4290 9404
3816 9552
379 6457
539 2445
2282 8945
8356 8830
1901 9110
75 645
79 7318
7239 7842
6450 8214
4706 8636
5261 6935
2503 3895
306 1983
9447 9738
6769 8893
1939 9218
5096 9305
4675 7134
3303 3356
1386 4124
4263 5749
1993 2615
3843 6552
4370 8883
5566 6654
7332 8107
1657 5426
1773 5215
5881 6601
8595 8834
2982 3141
1250 3518
3119 8304
2608 3552
2547 6939
2058 8867
721 9154
2196 9933
1379 6918
124 2016
1445 9776
7322 7427
1946 5999
890 6435
7044 7447
4506 4912
2020 6703
4871 5952
5080 8439
2360 5084
4072 9688
5791 7378
4770 8371
1744 9585
1333 2120
2261 9267
3143 5832
4109 4758
4010 9185
255 383
5483 8667
2402 5239
3774 4724
4305 8592
965 969
4546 8489
102 4149
7180 9938
4512 9337
1427 6316
4449 7476
4517 7292
3020 7023
8436 9805
2394 4024
4311 9500
3865 9115
1699 1767
25 1231
3183 3231
3241 7146
373 3629
5557 5753
1809 4639
2804 8874
1016 1463
293 5752
725 7713
6904 9520
771 2671
694 5833
3298 4797
2070 5661
587 4703
4465 5170
3583 5324
4222 6992
6971 7467
553 7892
5208 6464
4330 9609
6763 7118
6004 6678
4667 7296
2249 7051
686 8383
5681 9994
1517 6183
1830 7648
412 549
5415 9992
2839 9062
7577 8021
5570 6139
6178 9349
3781 7575
8297 8361
127 2614
3425 4705
484 9286
7482 9342
4597 7685
4850 6382
5356 7486
1950 3441
1429 8647
6939 9093
5410 6515
836 9341
439 4708
5796 7060
122 1911
3440 9854
5575 6822
5033 6642
190 9296
3547 9796
4326 7739
6992 7080
231 8330
7678 8678
84 7988
2871 5435
3953 5359
2954 4054
325 7863
3780 9282
4700 8186
825 8116
670 2355
166 3439
849 9674
3110 5789
3765 8601
2032 9987
460 6316
5748 5842
1002 2208
4905 9546
4805 5524
2392 8656
177 4071
2991 6715
3696 6607
5792 6813
420 9675
1217 9571
7483 7714
1547 6883
7390 8632
4643 9500
5925 7915
419 1230
3259 8572
6420 7799
1556 2157
1132 7978
630 8746
6421 6910
4197 9131
331 3192
2205 6799
1506 8307
85 5841
1602 3857
640 4533
4388 8080
3747 5081
3957 5367
3067 5804
3852 9590
1810 9892
360 3287
3197 7869
8400 8953
2128 5551
8503 9700
818 4422
4726 8136
1623 8371
685 6514
3969 5585
6049 7306
3834 7478
160 4380
2460 7962
3853 4492
2451 7355
6521 6676
5502 8487
6030 9709
2651 5207
1268 3850
1150 2801
303 7535
819 7663
82 4132
290 9434
1854 5564
2715 7098
4168 4576
1133 2913
6969 9505
1020 5233
1439 5185
4183 5650
1297 9262
1816 4600
465 3554
5519 7298
5999 8366
653 6462
2031 8738
1260 4054
9208 9288
3069 7354
1945 7094
3761 9230
2421 3468
1463 2544
623 8685
8541 8599
7874 9380
1447 5009
3985 4310
363 6443
1721 9897
3729 8835
246 8561
2190 6488
2934 5054
3323 4780
7519 7600
3726 9624
3971 6289
4250 7457
6899 7980
264 2411
8181 9802
2877 3224
5653 8538
6740 7876
3513 9162
1775 7498
7424 7566
5856 8327
5284 5716
3630 6671
1576 8785
5222 9196
325 1007
5977 8009
2648 4076
2335 5095
4673 5113
2499 8175
5428 7926
210 4008
6150 7585
4239 6471
2602 4593
2576 7667
2938 6204
2246 3768
847 5918
595 9350
2426 6711
2586 3169
475 9184
3367 5264
3038 5105
2163 7161
551 941
302 4802
3030 5100
7043 7324
4068 4448
799 7495
1878 6905
49 1498
727 9696
813 9566
1684 6016
3597 9208
3750 7327
2692 3343
540 2081
6623 9433
3788 7942
6415 9680
2723 6146
628 7097
6930 8242
682 6097
6726 7909
1380 2342
41 1770
2633 9881
2015 4841
3682 7025
1597 7073
1590 3923
5475 6011
2806 9758
740 8942
5311 5757
2876 3666
1411 7890
1653 7355
4285 8365
1622 8155
4355 5437
3592 4533
522 7833
5690 6416
3293 8372
1908 8241
1760 4933
4221 7596
2046 8648
1938 2691
3196 9716
996 9637
2198 8226
1165 7792
2272 6874
1931 9985
3140 5352
4202 7171
4327 7522
6962 8243
4337 6107
3694 8900
5074 9292
2609 3477
6142 8350
6958 9407
576 5073
8033 9114
5383 8477
2368 5195
3260 9193
3206 8534
5538 9273
2153 6951
619 1259
4723 7653
3450 7241
355 3107
787 3505
382 7733
5640 9381
7012 7741
5875 8704
815 8691
1519 2977
3492 6011
818 8799
1369 6168
3188 5316
1286 6719
6961 8404
2200 4358
2019 2800
4650 4936
2132 6298
3516 6968
2670 8673
3703 9800
3687 7810
2378 8254
294 6838
2655 3023
2873 8059
503 6288
2142 2743
2593 6540
3433 8334
4429 6044
5635 8456
6124 9427
761 8745
4778 9787
584 5089
474 9762
1820 4733
1804 3637
649 9730
3459 5500
3323 3954
3264 7503
3207 3717
8113 9607
3144 8549
7773 9971
243 8037
6149 8473
2943 5547
4267 8819
2668 3015
2947 9379
391 8217
5106 6808
1908 7574
3560 7798
497 5606
191 5082
7187 9360
1181 6492
5209 7354
2098 8475
3817 5921
955 3736
1126 8824
576 9884
4609 8091
3842 4098
2279 2516
809 2025
472 1918
2326 3258
4394 8244
6107 8397
1201 6010
9535 9950
5470 7294
6794 8142
2795 7830
956 9712
2273 7787
9417 9540
3295 4953
2479 7922
467 8993
857 9764
3565 4800
1698 3464
7900 9220
2011 9527
4329 9148
1040 9278
1917 4044
4543 9159
534 639
3071 5473
6216 6389
4276 5887
993 9150
1844 2976
5734 9054
1600 6594
4114 8347
3201 9588
2364 5274
6862 9111
3797 8427
7193 8778
5854 5896
4664 9265
911 6388
5834 5916
5333 9316
5252 6477
6877 7460
3022 7156
4864 6891
6724 8703
5905 8941
3409 6222
7407 8758
1561 1958
4653 7684
1985 2915
6638 8228
1696 1807
4105 8465
5254 8552
8238 9663
1173 2556
6842 8424
3440 4714
7072 9627
5423 5928
5553 7313
170 6138
5024 7501
6485 6791
8905 9155
2726 8221
6533 8723
4894 6012
5764 9570
2676 6293
4596 5991
8222 9403
630 2821
3361 5597
563 3127
416 5867
326 2240
3474 4924
728 3341
4003 6937
76 8559
7342 9608
5490 6334
312 5563
6130 9736
827 2354
621 1312
229 2199
3250 8806
4438 6662
4339 8154
1346 6505
234 8483
954 6217
5981 8256
4907 9016
2252 4369
5003 5618
3280 9444
3783 4454
3783 9047
4234 4813
7287 9691
2582 5190
4012 6217
905 4177
2120 5796
5648 7754
7944 8405
3620 7430
308 9812
5116 7540
2170 2693
6792 9261
4117 7378
4228 7145
2619 7364
1290 6329
7403 8905
7605 9052
7582 7982
8284 9712
2305 4970
2309 7919
7171 9282
4745 5482
5492 9947
1630 5056
3058 8777
2580 3018
1432 3618
1321 7382
3772 8351
1580 7039
2313 5230
5192 6733
2951 9445
2616 2666
1484 9867
2246 3996
2794 9439
5813 9405
2765 3890
1484 7887
5131 6160
2577 3928
1947 8069
1280 4001
4150 7090
5708 6742
5015 7085
3762 5616
4583 6206
2855 9585
633 9334
3491 5108
4798 7769
7989 8736
2355 7751
129 1424
381 6372
4118 5383
5182 6495
3334 6431
1935 3456
2908 5694
6750 9467
8145 9708
4429 5059
4855 9882
444 7586
252 7743
3616 3768
4747 6727
9217 9238
6944 9635
6324 9949
2178 9180
4543 8741
2091 2749
2731 4948
5402 7247
1720 2415
339 8508
6520 7698
201 3881
6115 9351
4862 6561
3851 6943
4168 5627
2629 5412
9388 9571
906 6573
3083 3796
1995 9939
1542 4320
3540 6144
5184 9196
3874 9775
3618 6476
1642 4666
3418 9568
8022 9300
6746 6824
1184 2253
726 879
7257 9347
1339 2079
859 4528
1477 4137
2587 3490
575 4900
1196 2630
2173 5409
1091 9493
8692 9701
4646 4965
2802 3593
6495 8128
509 9556
7821 8716
2795 8761
5007 8257
307 3888
3397 6458
1442 4267
1322 3047
2611 5634
4389 9134
3422 5777
8475 9595
4074 4270
4105 5236
800 1049
2634 8129
6884 8707
4039 7534
662 5354
3224 6778
4015 4848
403 1433
1832 6785
3427 8701
2134 4983
4241 6076
7441 9632
4685 8381
3405 4253
7 2190
949 4426
1401 2384
352 1725
1365 2418
1193 2786
1373 9802
1388 9809
4762 9550
6737 9868
6749 7254
250 9296
278 5680
6022 6440
3160 5549
94 1487
297 4461
1338 6456
2192 2964
5739 5795
844 4826
2346 9237
971 8749
1306 5997
1347 8690
1485 6346
811 7281
1085 5645
1349 2465
2030 8377
5051 7459
6774 7775
3535 5945
4440 5919
4270 7705
992 1132
9373 9969
647 5078
7446 8705
572 4924
3657 6655
1047 2141
4043 7234
7945 8609
436 5386
1831 6274
899 3830
4212 9970
2136 5813
5123 9349
1232 7666
1686 1727
7110 9105
2525 3073
4592 6631
5098 7320
8338 8814
6787 7776
95 1198
4441 5903
1108 6767
795 5077
1537 8715
3765 4746
2325 9931
5995 7621
1619 6830
4717 9915
593 5966
3157 6486
4920 8772
4652 9576
4654 8369
6836 9121
1643 3032
1078 6464
3608 9883
5746 7798
3223 8375
2834 8173
2496 7800
680 5114
3143 4801
1676 7681
3773 8056
6194 7790
1882 7279
7401 9479
3160 8966
5050 6746
2481 3203
7777 8703
690 1772
938 2541
5249 8388
409 5394
1737 6535
2294 8466
1016 4641
2935 4435
3096 4795
1742 3374
2004 6221
1739 3571
805 1645
6895 6920
2672 9315
5593 9534
3786 7987
4414 9007
3913 8152
896 7953
2946 9017
6639 6938
2829 4789
4459 5087
2376 3408
2850 5049
1485 7223
1377 1827
2647 2971
1953 6347
5659 6960
3163 3188
1296 8711
463 5613
952 1210
2361 2927
4008 9104
322 5321
3461 7176
2342 9417
4632 7128
1265 1405
3521 5860
746 8983
1609 6884
3082 7195
5786 6359
1263 5916
4287 5218
3331 3472
2171 8954
5608 6267
2957 5811
547 1309
814 2524
1803 3543
1501 3166
6376 7636
4640 8501
3955 6616
7415 7504
2226 9597
5350 5772
8699 9654
1690 8505
152 6482
1573 7479
2598 7249
7576 7720
1224 9449
4788 9751
1013 7736
986 5679
3099 3228
4675 5169
485 6866
3488 7555
4206 7635
2244 5654
749 9649
1957 5328
4458 5948
1468 4882
612 2072
3810 4448
482 5686
5735 9025
7865 8428
640 5152
6256 8062
5057 9461
5815 7603
1680 5920
1164 9277
2340 8165
1967 7245
5018 5780
4811 5529
2733 3800
5018 9492
721 8798
6080 9514
2428 2767
4955 8376
3898 7782
1697 4430
5992 7962
567 6314
4092 8008
1010 3445
5010 9088
2975 7111
654 1405
556 5193
2909 6175
3776 4339
3465 9613
199 2913
5416 9267
2229 9494
273 8078
2633 8189
816 5545
5927 9694
2867 8115
2293 6915
2053 9656
2010 9825
3542 4898
897 5256
308 8253
2660 5542
4479 7329
6196 9753
290 3267
2636 4093
2127 9015
4243 7984
6278 6855
4262 7548
2933 6978
1712 5257
5572 6695
4265 9757
837 2736
2146 3887
8554 9582
3124 7040
306 5723
1529 5233
5338 5438
2059 8007
4048 7359
7004 9706
594 6505
819 1753
3812 9735
1181 9980
803 9763
1198 8346
1058 9954
6928 9855
8719 9258
1116 2762
913 8485
738 2882
1792 9209
1857 5802
1389 8558
337 2118
4243 8837
785 4359
828 9352
4011 6307
2024 8098
4748 6357
4247 8879
4020 7954
665 8184
414 9313
9665 9889
910 5079
1499 2887
8828 8896
4775 6071
3856 4870
1978 9871
1886 5448
8802 8963
1572 7786
4861 8328
3816 8053
2400 8362
3942 7964
8266 9197
5294 9287
385 3100
741 8994
1762 1929
1260 2965
1829 4141
5072 9689
6355 7047
5525 9174
3532 9493
2262 6407
6854 7431
6362 6584
2720 6670
4745 6061
2876 6481
4354 5362
1236 8911
893 5298
8156 9175
6963 7091
2680 2716
5166 6791
7737 9935
812 2353
7442 8203
3466 9886
4200 4903
3350 6920
1975 6842
299 6179
4623 9972
612 3431
3104 8850
5913 9074
1593 2092
436 1658
1421 5878
31 9920
4824 7147
397 2871
2511 3556
4773 8803
1318 6790
1043 1690
516 3118
7010 8797
1012 1738
6427 9591
814 3976
2893 5271
930 1655
5932 7885
4898 8941
158 4558
8211 9780
355 413
5598 8202
848 5466
158 8032
62 1141
3225 6141
996 7844
1857 2310
3591 6351
4836 7320
5384 6851
6591 9788
38 9995
1364 7543
1211 9501
8095 9327
2203 8694
756 1783
5770 7652
783 2681
8612 9254
701 1845
696 9335
8833 9797
4097 8444
7602 9854
8463 9073
2437 8029
2766 9769
6894 8738
4175 8075
3872 8766
4013 5960
1251 8789
2507 4193
5462 7019
9169 9548
2222 3881
505 9000
8074 9878
2301 7131
209 9142
4120 5181
3055 9561
4607 4956
117 1471
7308 9284
4993 5908
6794 8284
1472 7060
2978 4946
2093 8584
8277 8312
1501 5286
2053 3418
8397 9295
7971 9442
4205 4248
4444 8602
7952 9059
1385 6392
4575 7629
239 1560
6285 8830
6136 6555
60 5651
1549 9566
8662 9479
1685 5110
760 2327
3767 7659
5462 7501
2992 3223
2324 8501
2654 2851
3546 3559
1311 3864
3996 6496
949 8869
144 4743
3086 8833
1934 2836
9423 9576
603 3892
479 1521
3206 9503
4392 6088
662 4235
4739 4854
1426 8794
3749 4002
1550 2884
1164 3401
354 3184
2015 5564
4556 5599
6774 7624
4889 6465
852 5103
2485 6228
5463 8976
1904 7629
3390 5433
3673 7120
4328 5611
4491 8227
536 3950
802 6637
827 4114
3694 6480
5692 7814
6251 6922
995 7528
1657 2639
3390 9951
4687 8039
1305 8902
216 3933
1551 8058
2956 5879
4488 6121
2625 9747
257 386
4798 7885
6982 8829
4380 5187
8050 9118
2555 9824
360 6862
8786 9943
5273 7029
6490 8853
223 3316
451 3352
5920 6711
71 5844
340 4874
226 7220
7380 7535
1981 2040
5776 8582
1288 6280
5972 8904
3253 7183
2406 8989
2127 7533
661 3373
901 5615
3897 5775
218 8031
4204 7574
5053 9116
1604 5600
5305 7746
5658 5938
2711 7453
3121 9120
4089 4498
8725 8825
387 5404
1040 2701
3306 6423
1566 1954
6129 8085
7639 8492
6650 8005
5088 8013
703 1444
892 9797
256 489
6687 8321
9018 9303
3355 7516
1565 5702
151 2206
1151 4427
5561 5742
4753 8508
606 9869
3003 9104
91 6036
2678 2815
9248 9861
2647 8304
5034 7423
3384 6901
845 7258
2683 8757
1719 3548
1868 3396
1627 5720
4663 4727
1110 9676
1014 4996
265 7005
7558 7774
5595 9120
1440 3796
6491 7869
7330 8735
359 7099
3489 9765
5292 5436
733 1083
1060 5043
6230 7306
1092 2058
4065 5245
2278 5537
3159 4374
1694 5557
4531 6017
1081 3122
9372 9745
2694 7602
833 3345
4214 9441
627 884
4496 7155
754 6978
3923 5926
3204 7053
8911 9480
6311 6656
5871 6163
674 6758
3296 7392
3201 4255
1111 5632
777 7366
4687 5310
574 8812
140 7145
4218 9956
3052 6058
477 6255
7262 7820
7394 8623
806 2353
1599 9122
933 8674
3710 8890
2974 7718
2500 4936
960 2216
994 9792
3831 6248
7123 8535
583 4153
5205 9645
5927 9565
1291 2804
449 4228
3122 9914
3415 8472
3225 6025
6784 7591
6690 8214
5039 9720
718 7729
1791 4652
8731 8804
2552 6506
9105 9910
2930 8714
869 7969
1545 3558
73 3693
5345 6088
2559 6546
5612 7525
4872 9788
6567 8952
4680 8560
5641 6635
6585 8605
1630 5655
6975 9804
2486 8027
3807 6262
3120 5039
120 4299
1109 6684
3079 8516
5703 9999
4038 8072
3357 4986
1222 4840
429 3711
794 2808
947 9456
1494 6675
3265 3443
2586 8087
712 6748
209 7529
1117 5752
4781 9751
204 448
351 9652
583 1961
3963 6295
2934 4537
4137 5531
7514 8912
5577 5597
6600 7451
1786 8622
826 2992
1237 8117
3654 9430
4413 9034
2899 4462
1445 7891
8972 9386
3780 9123
1414 2569
3585 3607
4347 9086
3077 6686
6147 7455
7048 9542
327 8679
3506 4377
8043 9906
3191 4642
8569 8845
4986 8851
7825 9328
6081 8892
1887 5554
6903 8527
3785 7594
3919 5677
3297 8117
3663 7808
3031 7845
426 7504
532 9841
2131 8417
4893 5238
3558 7717
3194 8118
5078 8170
4609 6712
5552 8517
5293 6835
4187 9902
2813 7106
4523 6240
16 7351
5915 9486
5285 9874
1470 9902
1328 9005
196 4296
3547 5327
599 3739
406 6082
1261 7700
312 5618
379 1428
2659 6831
6400 6479
4530 8947
5863 9820
4024 5378
1645 2832
3744 5837
8384 9383
3941 7724
1266 6035
2227 2466
5579 9024
8382 9009
1381 2283
4223 4230
378 4446
1458 3939
4366 8315
7632 9589
714 958
216 7935
5189 8831
144 9211
7287 7435
4100 5630
105 3045
5038 5417
4943 8230
2209 6859
6152 7001
2227 3901
4521 7368
7316 9164
2521 6628
2892 6500
2678 4891
475 2382
1104 2207
2936 6245
6989 8205
4233 6369
2622 9234
3463 4327
5203 6118
2467 6371
1486 1841
8888 9844
3398 9131
4966 7432
4698 9926
3335 7340
8697 9452
1003 5058
3517 4738
3555 7407
1029 9145
8133 8499
3965 5723
5809 7493
732 6818
1443 7645
6374 8500
149 3540
3355 5396
1231 6609
6213 9562
2597 4426
699 6093
3530 7020
1746 8964
7310 9573
3845 6404
2771 4599
9420 9870
3291 5645
8533 9126
4132 7347
3784 4210
7479 7958
2439 3949
3993 7993
976 2970
3354 9079
4569 9936
1661 1835
488 4897
1880 5155
1358 3290
1721 9107
5898 7403
3166 5027
1031 4422
643 4869
4331 6087
1084 2199
99 4442
1883 5940
5820 8447
3508 9945
4958 6599
1003 1253
484 1207
4517 5191
634 6096
1543 3541
6852 9004
4602 5385
4565 5226
586 1015
4220 6532
3709 8781
3458 7325
7215 8325
4874 6125
1862 5002
2531 5679
507 5828
474 747
3088 8450
2601 2999
4570 7142
66 535
1954 4498
3126 4178
1334 2624
1236 4079
568 2455
5966 7986
944 5242
64 1927
3706 6744
54 3072
700 842
572 1184
5025 8201
3714 8096
3915 9020
1483 9784
908 3527
313 7324
4493 6624
2665 4732
2646 8212
526 5885
3300 4925
1919 6432
4510 7220
4482 8582
6812 9242
6095 9741
524 8717
398 3296
8863 9823
1634 6219
2627 3510
907 1254
4686 6359
8130 8235
1650 1815
2444 5377
15 527
4238 8725
2987 9546
3530 7383
2604 7384
1023 2380
366 2429
2953 4023
7855 7998
2527 7286
1458 7882
8898 8997
1232 8067
289 5268
7368 7370
1579 6135
2298 5402
2165 7850
6173 6608
3951 6609
4472 9800
3759 4630
3428 6260
1932 8416
4007 7740
3058 5342
1043 4717
3501 7253
6189 6229
3255 3901
43 5151
7246 8588
1830 7484
5869 7670
757 9277
1336 4616
6042 9179
112 865
281 8131
4797 9137
4571 8442
206 221
2448 5765
359 6477
2521 9608
6326 8698
222 3302
5742 7089
477 2417
215 7185
5000 8002
6109 8952
3766 7889
4915 9845
6235 6275
2912 3248
2636 9226
792 839
5843 6272
3092 7467
7801 8820
1649 6150
1137 5983
3442 5334
4060 7520
5745 8817
4566 9051
4372 8319
6912 7163
5552 8418
452 3664
1377 8226
6164 6448
1421 7466
3177 3630
5484 7633
3523 5290
3056 8357
6449 9564
107 6339
8332 9681
1920 2932
786 9567
4790 6897
1614 7884
4760 7608
1270 5829
851 3332
198 1926
4999 9024
1208 6680
3792 9030
329 651
3824 9260
1273 8322
4484 6748
1145 9132
2570 3476
533 2103
2506 8274
4929 5262
2083 5617
48 7417
1670 1965
3696 4625
934 8948
2788 5319
2699 4276
980 8132
667 2086
4342 8587
4379 7967
5107 8702
4110 9313
1258 9580
4604 8385
2802 2910
769 9837
4805 6353
4361 9064
8511 9251
4466 9239
3539 5413
1175 2738
7413 8045
3038 3849
4163 9706
5302 7122
3626 6393
4345 9387
2393 5934
8660 9398
5946 9684
2760 5959
3365 8666
1952 8111
3627 5670
9126 9738
6530 6661
573 8928
4186 5183
268 2657
1693 2914
2768 5510
233 7948
6311 8733
4425 5712
1841 8740
6899 7268
1069 8494
505 2918
6718 8515
3522 7315
729 9363
922 8536
1701 5036
6840 7858
4220 8660
2642 6668
3623 4956
5414 5678
199 481
4040 8543
3699 8420
7530 8479
56 2897
8937 9667
2214 8587
4471 5578
6321 8570
4942 7598
3314 8123
2255 9355
6907 8622
2379 4945
1760 2229
1171 6869
68 521
5391 7940
141 4527
1888 6537
7569 9957
539 9895
2147 5978
1595 8675
3498 3625
663 6716
1600 6595
184 2002
2523 6407
1361 8670
2439 7994
7201 7932
3303 9667
3154 7062
7563 8458
5131 8967
8432 9528
345 5784
1395 6793
2538 4577
1404 9378
3439 9515
2100 7418
7404 9504
1905 7158
1169 2487
1592 8943
3785 4755
1215 2543
4878 7406
523 6483
1893 5488
4928 6436
3261 7218
3138 9430
2963 7056
1537 9044
1239 4938
3263 7440
466 5818
1218 9656
544 6470
5079 6781
3747 6792
2005 3279
6811 9422
7337 9233
4373 5882
2852 7178
5266 6090
182 8477
5671 8641
2520 3730
8352 9344
3523 7613
5759 6244
6526 8460
2667 5603
7066 7697
2866 3742
5501 9519
8873 9777
7712 9890
6008 8407
2370 9488
5020 9673
2719 9643
75 9436
1689 3861
16 4231
6568 8953
2182 2631
590 1145
55 7871
4110 4582
2086 9727
6752 6757
1050 7863
6488 8924
2579 5482
7372 9323
2684 2694
3824 5282
3596 6501
565 4458
4892 7227
2782 4605
5083 5541
3264 4405
4727 6189
6371 9147
527 1531
1683 3682
2448 9767
690 2881
2116 7463
1331 9063
967 6528
4610 6904
695 9166
4248 4735
2216 7509
2034 6761
1570 2149
1391 7947
6377 7788
1434 6020
3591 9819
870 4041
146 927
5315 8502
1117 8168
468 7768
1368 4784
402 8565
1559 1776
681 7360
1556 2027
8 3435
2965 5675
217 9848
1878 9178
1068 2550
7066 7335
4216 7030
3613 9652
7028 7164
3662 9964
2228 8868
3301 7155
2632 7671
989 2403
2797 4021
4020 4353
1255 3362
556 5325
69 4447
4034 6038
3922 5609
5252 7707
6364 7433
5726 6625
2574 4086
3664 8962
6001 7630
6641 8656
3734 4069
560 4988
2356 9288
2447 8765
7026 7229
1562 4740
6659 8344
1559 2590
3505 7107
459 9944
931 4164
2874 9413
5225 8675
1036 1900
1325 9211
4734 9406
2017 9592
6659 9941
3238 6682
1910 6950
4688 4978
5474 5660
8244 8826
480 2322
4541 6028
1997 5408
6145 9054
6815 7988
7604 9828
1681 4179
1482 3782
5981 7641
6166 9139
1881 9682
6193 7079
6148 8483
1723 8638
1925 3945
2898 3087
984 8016
2836 9746
3216 7895
5215 7278
5181 5585
613 7165
5621 9649
5994 9793
671 4539
1423 2575
2048 7688
5852 6064
2351 9806
3382 8743
1921 5167
438 1502
1743 4123
2297 5502
4445 9836
1601 9232
2807 8437
1505 9336
748 8441
6125 6857
5611 7231
304 3450
205 1438
7082 8049
5865 9693
1004 6033
1212 2775
86 6730
1384 9964
4153 7995
6552 6757
5755 6977
479 6886
588 1056
2422 7242
5912 7122
520 3708
1496 1748
1093 4117
6121 9959
2683 7690
1801 6706
2487 6415
450 4815
9641 9698
1756 6090
5755 8865
168 1989
8735 9361
9754 9983
2995 5678
1437 9429
2612 3244
1101 7446
6408 6669
1214 6265
6823 9519
2628 9621
307 4946
3193 8130
4151 5410
4718 7626
494 4640
1646 6283
5713 8695
2574 5522
8235 8465
2018 8333
6626 9840
7853 9586
2872 8869
822 2621
4758 7939
4712 7009
932 7199
2500 9522
5738 8172
919 3168
18 7676
1247 8780
4176 4686
2006 8188
3035 9815
1874 1953
1514 7225
3338 8978
3731 6367
3470 3482
2734 5682
1108 4385
6263 6751
4581 8566
1229 8394
2215 6810
1207 8781
214 410
6582 9365
5413 9006
2369 3754
506 8191
4275 6892
4306 5403
1066 5769
5355 6200
1604 9598
1319 2085
7387 8696
1412 2902
1448 5673
2239 9370
5627 9907
1817 8644
4453 8917
2722 3286
5507 8612
1009 4062
5818 6349
3409 7643
6332 9780
1128 4735
2489 7333
6475 6958
886 4229
6279 7868
1289 7302
1367 4742
614 3277
2926 8991
7293 8713
1478 4557
1606 9012
2159 9923
580 6577
2848 6268
5873 9626
4578 7251
3 9903
714 5316
5275 7959
5871 9918
561 8068
4951 5947
4382 5361
3940 4887
2037 9943
2770 4064
175 8036
1855 7868
771 5159
45 673
1641 9189
617 944
3099 8706
4007 4704
571 5313
6066 6101
2040 5211
759 3107
2875 5951
2790 8171
2385 8877
3534 6015
434 3984
6666 9977
6343 6469
6008 8247
9558 9723
3090 3342
2161 3370
3403 7505
400 898
181 4382
4530 7484
1570 5687
717 5951
2581 6988
7420 8461
973 9960
684 5514
3254 9877
2455 3931
46 9927
1940 4838
2931 6276
1992 4962
1277 3241
3114 9161
282 1805
1873 7151
810 6434
6326 7200
59 770
3373 7646
6623 8689
1481 4415
428 6498
4900 7300
4244 4830
5126 6665
1491 4579
9034 9851
1688 1813
494 6156
5348 6120
3333 9187
4247 8760
4791 6459
3313 6812
7212 8272
4060 8012
3744 3964
5474 9970
1671 7953
1327 7839
14 6912
1360 7533
2742 6911
5263 5338
3044 8717
356 6203
2461 3704
5636 8880
7024 7136
5286 7616
4174 6543
7308 7444
4847 7781
6722 7274
5775 9619
529 4658
5503 9331
4221 8920
2286 3852
7017 9719
2494 3137
2512 6819
1459 2202
5312 5740
3654 6866
2999 8773
5091 6498
1756 6191
5085 6592
3974 6141
1677 2944
5771 5935
691 1274
5446 7727
3492 7640
4201 7649
74 1454
2406 7661
587 8601
198 419
417 4389
213 2344
1080 5756
5344 8642
2385 3485
3853 7761
5279 6749
200 7518
5160 7543
368 5089
3256 7957
77 1367
7532 7583
9307 9456
5172 8224
6785 9914
7882 9982
589 6717
1538 7828
4943 4989
1684 4737
3961 5143
8864 9794
607 4271
5023 6231
688 4509
1777 6202
884 4185
2695 3060
372 6221
1999 6065
5111 8879
677 9107
9919 9930
1350 3328
2073 3113
4463 6120
4568 6985
2395 9539
295 1965
6745 9514
1879 8671
2408 8768
2490 8307
2789 8489
45 4113
367 5724
3486 7797
2759 6786
4486 6833
2779 9517
429 6106
1435 3285
1964 7705
6259 7910
1189 3828
2256 6549
262 4428
4510 7014
7694 9440
801 5628
2916 6151
5271 7966
758 6965
6941 8771
905 6916
2920 8825
327 5128
2654 9170
1968 6126
943 4483
1910 3073
1147 6351
2584 3964
3520 7943
237 1419
6485 9124
4729 7391
9742 9958
654 3757
6273 6825
1330 5081
2160 2907
1479 7450
2518 6094
2210 2942
523 8233
3767 4180
102 3632
4806 7601
6897 8620
6827 9249
8232 9179
4308 9363
1369 8889
2362 6589
4136 6628
6247 8255
3471 9900
3129 3514
6037 7390
605 4694
4657 7857
2858 5686
3926 8970
739 8125
5870 9223
6313 9998
3889 9845
3173 3216
2713 2901
2035 6813
4322 7928
2917 9968
3863 7553
2168 3493
6155 7796
1422 8506
8016 8298
1825 6100
2411 6295
4542 7029
4331 8844
1941 5094
3656 9638
1708 2095
6165 8653
1682 9321
2090 7856
1233 4162
2242 5768
6439 6706
476 7334
2556 7410
219 3907
4542 7078
3339 6211
962 5239
658 7463
1315 6578
5962 8578
708 6679
542 1723
8514 9714
8733 9668
464 3061
972 6524
2925 7971
3933 5532
5792 6975
5894 7228
2600 6024
1160 2919
3185 5903
4908 8848
8652 9113
936 2373
1354 4933
3033 6853
3238 5342
5855 6660
1906 6874
6947 9094
2621 2865
6255 9029
6908 7999
1023 3346
7277 9042
7297 8318
5320 5560
9004 9875
170 337
7919 9547
9699 9725
8655 9832
6556 9240
1206 5214
1375 1462
1382 5087
4316 5876
4501 6026
8350 8396
372 5513
1178 1916
2284 4095
3781 5803
2138 9257
1428 4246
1245 3093
6735 9328
3582 5825
1161 1659
4352 7406
2951 7755
2558 9129
7948 9046
4698 8246
730 5628
2225 5284
538 9247
139 3332
9716 9772
2476 6593
4053 9848
30 4034
8510 9133
7927 8799
1663 6926
4666 8306
3689 4789
3266 3335
559 3405
5411 6366
4049 9499
2446 7870
2573 6509
6058 6233
321 9601
6173 9158
2812 4087
912 6202
2076 8336
3265 8414
5571 6953
7182 7697
2147 2530
6603 9421
1293 3155
260 6974
3020 5531
2288 5430
4121 9665
1807 9942
4737 4931
3158 3468
5897 8556
3775 4022
1481 4662
283 8836
277 3246
100 6918
1805 6961
568 4383
4010 9813
2074 4410
7989 8871
790 4632
3769 4293
1313 2162
5368 9919
6493 6540
2473 6585
47 9366
1348 7360
7911 8470
590 7515
2842 4516
3732 9021
1287 4310
1392 7252
4260 8553
5337 6243
4883 8914
4440 7236
5900 7743
2473 5812
5299 6519
5587 8752
6930 8223
8641 9058
7039 9869
2751 6054
917 6006
3103 3671
1466 3429
2929 6242
5687 8268
4773 5214
3559 6738
5663 6914
1712 8060
5930 6596
381 1818
5304 6494
2320 9863
6448 8071
5481 8974
2130 6933
3608 9578
1300 2128
407 444
3383 7061
1761 9002
5604 9272
6442 8251
7305 7636
6098 8843
6211 9527
1848 2830
2809 7680
743 8727
4099 6019
3491 7839
2014 5127
4467 9892
8921 8961
5088 9206
4484 8778
8996 9167
8827 9979
1371 3299
168 705
433 6909
8841 9171
3417 6383
696 3245
361 873
4843 8126
656 8140
5697 6595
2208 6158
4961 9367
4878 5917
3697 4910
2661 3960
2452 6502
5231 5733
7429 9586
2677 6219
1241 2995
2274 2968
2664 6117
6103 6417
877 7283
1822 9457
1452 4881
1555 8930
2333 8535
6414 8604
1103 9153
4408 4499
998 1554
3911 7290
3477 6325
514 8443
2224 8090
4960 5130
13 15
92 7990
6993 7694
1149 8984
2854 4519
2682 6803
3514 8039
7542 8841
5584 9567
4932 6397
2004 8250
5882 9393
1591 6159
9537 9755
3007 7242
2659 9963
2805 5924
1297 7595
4853 7952
163 829
2480 5730
1633 2303
1410 7550
3027 8208
755 1733
2112 5695
641 3717
2042 9911
2412 6503
459 5476
946 9998
2422 7692
113 9679
2527 4893
6368 9033
8930 9865
7310 9382
5124 8166
456 2933
2685 8166
543 744
368 9756
648 4421
1104 4278
5877 8012
301 7175
3478 8779
4867 6707
5829 6380
394 3987
2793 9177
266 7738
501 7773
1818 5570
1046 9213
2567 3049
1997 8915
450 2492
3835 6323
1509 8974
2239 4307
5844 9207
6399 8773
2207 9630
8547 9204
1635 4643
948 6780
6511 8574
1544 9814
2047 4923
1472 1516
3375 8237
1413 2068
1430 6458
130 7159
4470 5005
3098 3324
9541 9876
5074 9112
3078 6214
67 3041
1144 7924
2077 8286
1406 6018
625 6344
5710 6832
4501 5103
4991 8555
1489 7723
2493 3959
12 7549
5944 8392
4492 9872
2571 4563
3549 6225
589 7198
3270 7546
5467 7305
4115 8018
8464 8815
7604 8422
2494 4005
6014 6518
5572 9357
722 6664
5260 6143
5631 6801
2358 9526
3055 4217
3566 4023
1044 1860
5814 9577
3536 4941
4777 7176
4014 5596
2365 2814
2770 6110
3315 6875
2724 8555
1541 8102
596 8933
3982 7195
6412 7323
5301 8686
9375 9528
7216 9761
3733 9793
161 9488
1191 2923
458 3974
3108 5097
5637 9942
4585 7960
4569 7825
1324 1528
5333 6907
7673 9212
2219 7239
6697 7331
4828 8976
2443 7199
3343 8245
1371 4390
2020 7015
3467 8449
1243 4592
1658 1903
423 4131
1027 1423
4249 8041
3795 8977
483 6305
2516 7573
2955 9703
5283 9775
446 4902
4513 7494
380 2803
1206 4264
926 3868
5550 7709
8270 8441
7551 8946
1952 8110
4663 7200
1381 7480
5931 6002
4063 9552
3135 3199
659 1179
6738 6934
2051 6848
1401 7377
6126 6782
9152 9582
2748 5201
3244 7095
2101 3047
5729 6565
5276 9486
4052 7496
2566 3369
1303 4822
344 8980
3389 5922
635 5744
2825 8219
3966 5388
6618 9750
2446 7328
5684 8996
2502 2888
4374 8187
225 4551
4649 7851
1936 9416
3165 9555
136 5343
464 9533
36 4573
7022 9314
922 7873
7192 7531
1732 6649
6856 9244
4069 5670
3834 8207
5562 6983
1275 8459
262 8980
2424 7275
2986 8291
1042 7008
1277 6174
2052 9866
1926 4902
2474 6337
5693 6500
362 8460
1474 2519
2011 5880
3806 4992
3639 8580
2188 2764
3549 8856
2673 7547
1603 7802
770 3497
3117 4433
3961 8715
4445 8294
2620 7450
3516 6428
968 5364
457 4304
6084 6116
6873 9922
6422 8550
1148 3893
1353 9912
6172 9421
773 1914
2282 9041
6083 8061
1515 1931
4562 6765
110 4480
371 6180
548 4976
6776 7718
3191 6560
2935 6860
8506 9727
4444 7327
715 2377
3756 6942
4634 4706
3650 8047
2603 9679
2442 7423
953 3193
6691 6754
1934 7949
2816 6348
2620 5918
1990 4572
6429 8313
3653 8643
4559 7233
357 7896
4553 9714
4618 5607
3718 6708
541 2560
1691 8238
1214 7213
7103 7248
6594 6633
1242 4833
5244 7918
2238 7932
4648 7219
1312 7523
4880 9332
1544 8983
5864 9705
3550 7745
8672 8929
2946 8560
4964 8112
1552 3854
5567 7849
2410 9605
3526 5107
276 8065
4192 5749
2091 9075
864 5066
1844 9232
5705 8330
2297 8993
2057 5195
9061 9803
2818 3782
5037 7091
8083 8790
7064 7512
4588 6274
4298 5163
2885 4313
5327 5832
3401 6768
2211 7437
3082 7589
8504 9913
9392 9870
9174 9330
1527 2087
4996 7473
637 6952
2362 8276
1510 6023
3480 6945
1298 5358
619 1639
2082 8854
5099 6747
3510 7205
641 982
5175 5773
1014 6795
4787 7502
7556 9894
87 8737
9365 9731
6545 7221
2187 3209
8962 9291
5146 8571
1071 6430
3939 8193
8906 9538
3131 6563
7021 9155
4006 4885
3910 4342
5599 7951
4678 7229
1662 7750
3179 8215
4831 8897
957 3270
943 9713
3370 6698
6819 8461
6879 9080
3948 5441
2715 3327
1579 7353
961 4368
975 5389
478 7259
2039 6694
2649 6091
6236 8885
582 6618
1326 9799
2807 7405
2383 3407
6468 8367
6127 8619
6256 7071
2801 8572
5744 9256
4919 4931
8038 9960
1922 5568
1323 4471
4600 4631
2778 6873
2449 8396
2575 9556
3339 9592
2214 6927
3380 5514
6232 8102
4746 9204
4286 6987
4540 5013
1303 8354
5907 7864
6698 9644
1177 1828
5388 8971
6320 8220
2326 3322
793 4384
1328 2428
4017 5718
5102 5309
632 6417
1345 5499
738 1990
2336 6612
375 4143
5028 5840
4752 9109
8474 9697
8319 9898
89 5528
2918 9728
6009 8539
4792 7696
2632 6044
5512 8808
6243 7352
4066 9471
3777 9816
1535 5810
4659 6834
3088 6851
499 5842
5257 7447
7567 7628
820 8128
559 1640
4692 7149
3233 9398
6956 9817
7763 7960
2783 4452
533 7353
2237 5970
2661 4344
5565 6337
1358 7224
804 7689
2470 7995
767 8030
2287 4635
7087 7571
187 4338
519 6829
2860 2962
2798 7673
504 6870
890 7503
6830 7330
2026 4590
1450 8644
2055 9245
6957 7170
831 6358
2285 2756
5478 7640
6055 8239
3091 6160
1738 6239
2186 7083
2784 3745
3982 5811
2293 8880
5771 7470
2964 6852
2257 3756
5399 7500
1896 9091
5945 9962
287 6197
1722 5159
2371 8677
4520 8741
2099 4189
165 3037
465 6728
5282 8108
1629 3321
5846 6455
1426 3431
