100 99
16 83
31 87
29 57
5 84
15 47
38 64
8 69
24 62
20 24
48 82
10 73
17 18
6 70
26 48
12 32
91 93
49 66
51 80
22 75
2 27
45 81
10 54
5 33
25 87
28 94
77 88
54 99
58 80
90 92
32 55
35 82
51 85
4 99
1 38
7 39
43 72
62 65
19 23
37 68
40 100
50 91
1 3
19 57
4 11
76 97
6 14
42 90
43 95
7 97
33 52
14 71
67 77
25 63
29 93
15 37
44 70
61 64
60 96
39 84
45 46
52 86
46 56
83 94
56 71
3 53
36 47
26 96
27 79
69 88
28 81
2 49
16 78
59 73
42 89
12 22
8 11
63 74
21 86
30 44
53 60
58 74
13 17
61 100
75 98
36 50
20 34
66 89
67 79
13 55
40 85
41 78
34 35
9 72
31 95
41 76
59 65
30 98
9 18
21 68
