1000 1000
82 593
45 434
576 616
1 968
415 986
105 539
24 659
72 888
116 322
351 522
111 464
62 507
660 860
446 518
20 913
247 468
870 912
506 542
379 907
763 980
438 538
590 611
558 881
29 895
128 841
770 982
585 634
313 778
168 515
96 181
245 676
24 504
726 900
602 702
725 733
97 935
205 667
328 890
58 237
427 866
707 791
790 952
200 249
148 997
739 968
157 228
567 731
123 928
456 999
34 890
532 948
137 962
755 904
252 582
525 615
54 368
397 957
662 889
99 656
12 723
184 966
253 560
137 390
590 895
3 439
476 938
323 887
153 239
626 645
757 804
548 665
285 286
150 362
346 597
224 1000
778 834
52 680
118 601
280 346
105 554
15 533
102 174
60 848
340 782
197 450
525 627
287 880
445 566
128 487
217 595
247 910
161 240
905 998
92 894
581 587
290 700
578 837
403 760
141 990
884 914
310 536
441 474
831 953
186 708
163 426
623 854
277 703
115 278
27 121
613 678
123 954
14 761
43 823
709 746
110 863
307 350
85 728
17 724
333 682
245 715
279 750
133 817
606 633
255 860
243 921
796 912
230 561
90 884
100 276
79 337
156 611
110 987
98 451
421 620
92 167
486 553
540 663
139 495
776 965
528 570
309 891
17 182
464 721
537 571
459 845
69 768
116 896
547 984
756 973
708 902
547 738
573 956
780 885
138 586
21 994
5 680
584 909
377 470
70 173
274 958
201 806
522 871
185 246
813 903
158 865
330 698
140 399
101 630
432 747
48 293
444 520
584 669
315 753
131 963
401 715
365 830
151 463
622 783
433 440
549 557
206 940
127 705
332 446
342 854
121 188
402 489
242 333
176 748
729 777
185 635
229 471
77 443
594 734
19 812
290 780
815 956
711 877
691 923
349 706
383 852
721 851
330 456
410 845
376 626
295 816
868 974
132 873
86 483
612 961
65 130
340 946
653 843
33 853
378 702
583 777
169 320
74 772
473 658
484 621
552 972
517 699
762 842
651 953
107 439
539 929
315 661
734 927
61 90
296 406
171 893
176 296
744 892
207 387
500 924
356 801
719 981
343 347
113 492
268 950
339 387
175 205
613 865
405 864
514 903
319 527
10 510
164 573
656 681
53 174
364 586
429 482
596 948
426 563
223 946
109 273
198 921
418 445
649 768
226 645
807 979
66 255
423 846
345 717
393 952
397 529
682 936
545 840
144 295
775 984
644 821
125 577
73 605
805 938
118 942
173 646
460 947
696 906
313 438
143 842
368 589
71 969
126 643
776 879
36 704
2 50
170 879
26 827
13 936
203 419
234 878
303 575
652 958
47 496
146 248
76 261
244 814
530 576
435 513
391 667
465 911
83 728
28 653
119 651
421 909
141 165
157 419
747 940
636 643
194 945
591 918
343 515
135 716
108 731
172 437
771 920
559 689
396 428
15 210
33 429
482 830
317 894
264 995
690 706
442 786
617 805
129 719
453 523
527 737
201 596
34 647
39 237
451 857
9 359
207 610
307 666
437 923
594 622
22 925
126 314
291 411
541 983
546 664
398 664
745 835
102 886
351 374
900 977
253 367
760 911
507 769
627 703
692 976
61 144
580 686
541 670
523 569
277 677
428 458
4 510
80 644
84 809
54 281
543 852
561 638
249 449
284 668
258 486
267 320
158 377
467 476
51 91
631 648
312 931
175 795
60 639
376 463
241 989
478 570
55 939
309 714
826 949
38 457
779 880
179 797
363 863
354 479
847 883
231 735
203 825
216 935
615 655
1 360
23 258
109 637
78 850
240 897
321 916
136 851
195 891
370 822
52 618
354 617
133 425
493 503
94 839
604 898
114 937
129 485
447 898
180 959
597 942
274 467
37 502
82 963
167 499
822 995
424 513
558 678
733 766
409 844
811 915
394 404
416 435
624 930
498 693
740 882
414 871
59 650
732 951
338 417
430 807
675 835
876 882
218 892
461 592
30 638
78 743
63 819
374 774
361 833
261 878
25 545
193 635
194 284
222 831
124 717
213 227
730 908
138 998
469 769
49 288
432 897
36 106
471 672
46 251
829 850
535 930
5 267
701 931
673 919
466 518
562 673
461 985
170 864
250 955
251 331
312 641
325 440
186 856
155 699
75 303
95 365
342 937
537 817
179 449
215 270
526 571
692 758
347 836
238 385
66 234
89 232
568 598
81 781
420 583
414 649
765 893
229 502
754 970
117 341
67 477
390 516
710 917
326 577
233 609
94 98
655 820
165 424
316 475
112 707
142 862
96 603
392 859
371 848
511 832
298 799
493 957
905 932
658 660
373 908
29 335
621 705
569 696
188 383
262 575
35 91
866 987
183 413
7 619
242 410
837 861
412 934
41 492
294 824
392 436
2 784
883 996
111 698
325 971
765 766
718 789
326 420
468 915
142 411
382 532
275 802
412 488
30 239
21 599
168 323
373 556
459 726
391 964
232 357
74 841
136 436
396 752
220 477
444 508
289 966
112 501
46 56
393 546
212 308
72 348
324 713
71 332
327 772
124 945
316 490
146 540
337 647
57 519
266 974
189 992
407 697
404 641
212 297
215 299
189 430
263 971
657 947
13 757
625 788
364 550
270 292
180 530
226 975
306 869
604 630
639 712
221 775
196 256
106 996
544 670
422 825
480 710
427 962
286 600
81 213
169 372
42 795
847 949
567 988
538 704
115 821
714 979
448 534
209 355
614 978
629 824
745 782
742 858
40 588
62 720
572 591
785 977
679 916
246 794
85 473
345 970
260 773
130 425
9 816
499 917
329 743
41 162
533 763
208 688
259 685
349 608
254 742
293 593
256 934
37 654
683 876
669 811
269 654
103 431
305 808
691 862
327 720
264 918
551 555
6 750
501 619
488 580
31 457
282 388
80 572
447 579
44 64
83 985
265 810
366 560
470 803
529 565
132 431
328 886
73 378
44 950
6 877
202 395
199 623
104 802
633 646
648 793
331 727
202 736
384 386
47 755
301 988
86 322
787 857
287 694
271 568
104 453
618 973
485 544
674 801
198 740
353 603
166 400
57 319
151 914
221 534
163 554
564 723
520 858
722 960
171 629
122 306
195 557
679 910
120 344
63 381
225 686
628 814
65 214
50 531
134 514
7 338
145 753
220 901
69 713
524 610
114 718
153 787
271 761
614 666
22 466
192 483
399 526
304 401
599 724
32 288
222 442
443 566
283 773
76 978
907 920
236 565
192 395
48 729
553 701
725 736
131 774
117 790
592 844
23 26
204 927
88 481
353 455
84 531
358 741
481 797
204 792
8 758
166 737
495 868
134 925
77 662
521 657
230 595
352 855
606 836
409 574
101 262
108 350
640 980
145 625
214 497
403 480
25 474
241 454
177 771
462 496
458 933
840 932
302 993
556 869
238 341
42 859
272 369
10 494
89 344
31 225
143 218
210 516
552 887
160 820
460 885
528 827
20 53
379 676
555 793
216 663
16 455
64 711
268 505
681 843
336 634
122 818
386 582
97 578
79 155
406 991
371 600
140 671
150 206
375 416
160 187
360 813
632 960
380 999
196 275
628 961
491 812
93 100
366 739
767 875
356 922
589 1000
722 806
730 752
265 334
359 601
14 512
786 815
642 982
389 632
311 672
266 308
27 418
498 785
311 675
297 967
321 926
217 764
519 944
49 779
272 314
551 741
87 762
336 509
19 450
247 642
257 475
517 756
55 562
18 389
56 317
749 872
367 504
248 749
751 954
191 853
832 939
183 873
219 263
107 784
433 472
607 839
384 408
113 193
415 928
524 951
93 899
273 585
624 919
172 361
119 727
505 803
243 452
375 478
304 856
40 279
280 300
981 992
11 127
95 177
278 913
282 764
3 209
684 855
103 875
465 700
199 906
152 833
329 358
454 550
43 363
631 640
636 712
227 472
574 941
503 512
281 548
798 810
18 929
16 289
298 794
665 788
250 521
139 294
509 964
39 67
208 694
154 804
695 881
732 983
149 388
348 684
302 357
469 652
35 318
417 993
754 926
508 997
339 800
941 976
462 500
535 972
236 362
224 991
689 989
149 849
190 969
190 975
211 798
335 781
120 487
68 276
536 695
184 965
182 796
301 870
223 310
305 792
408 434
497 608
228 943
587 659
829 874
200 838
257 407
543 955
154 352
369 823
12 683
385 394
620 789
38 159
751 809
413 800
125 889
59 944
148 511
491 819
259 318
11 147
759 896
231 602
283 901
235 490
402 697
269 770
902 933
834 986
235 838
8 292
68 959
693 899
767 867
51 688
70 382
252 849
452 735
400 637
423 746
687 994
448 943
291 990
28 299
156 616
605 674
161 609
468 874
650 861
178 187
685 828
164 818
147 581
324 826
87 405
380 709
607 687
159 783
99 716
152 285
300 506
381 668
559 846
563 748
398 738
178 181
75 489
32 904
162 598
254 828
677 690
45 233
135 924
211 888
219 671
759 872
88 808
334 422
197 922
542 661
58 564
244 355
612 791
370 867
494 549
479 588
372 579
484 967
260 744
4 799
