10000 9999
2186 6672
3147 6859
5668 8396
1345 7410
1118 5067
5534 5910
6551 9770
4125 7495
4495 4553
5955 8299
1067 4577
4868 9877
1664 6798
2623 5107
977 2364
5383 7167
5310 6930
4112 7457
6282 9740
4081 4600
1893 6780
2648 3572
230 3614
254 924
1017 8760
2215 6953
3232 5409
7219 9290
1121 8112
3887 9860
5871 9734
9269 9400
1841 9849
3562 4376
1380 9838
3264 5673
790 4616
2926 9051
2891 9878
3431 3661
430 2320
172 4158
935 9249
6324 8920
8829 9878
775 9487
5692 9525
2331 9809
427 2066
6081 6196
2961 8814
8485 8612
1276 7923
5014 9511
286 8531
3131 6593
3702 9703
3240 5532
1745 4638
5351 6151
6319 6637
2268 2636
5229 6749
7282 8900
5948 6479
4806 7278
2343 4390
6986 8603
2461 7579
2400 2551
955 8557
37 8087
1331 6857
5113 8451
257 1531
3024 5174
3536 7618
414 8221
175 7111
2448 7839
4613 6332
4027 9301
7535 8131
3085 8670
4004 5320
540 1372
8580 9985
2286 5952
3941 4855
2368 3617
3164 4905
4388 6643
1348 6777
4317 7158
6615 9237
5487 6797
96 2717
5063 5564
1069 3308
4307 7104
2754 4457
739 7080
4610 5887
903 4707
3607 4671
737 9566
360 8072
590 1398
2359 3755
1979 7202
1175 7072
1831 1976
706 5169
1117 3850
6347 9028
721 3077
3545 8657
1331 7233
607 7030
380 5476
2812 4302
800 9795
2911 3608
3399 8335
746 3810
6230 6668
7419 8463
2313 4507
5920 7113
3402 8734
3070 5349
2383 7721
3322 5625
3714 7516
157 8662
4374 6635
6387 9762
8114 8310
3688 7058
1280 8665
89 5319
232 2646
101 4817
3644 5410
2786 6435
4258 6855
2995 5238
1479 4936
8502 8742
5272 6700
3160 5645
7653 8065
2007 5965
1211 8293
9198 9806
3557 9792
761 1904
3831 7665
670 6878
668 878
3307 5842
1523 2466
6950 7722
4973 9546
236 3064
892 6228
3168 4077
2632 3267
1714 2618
747 4259
6588 8221
1239 2718
57 2647
518 1320
1822 8090
527 2006
5957 8799
7998 9333
6242 8523
512 3820
52 5848
2303 2357
7148 9731
4413 9981
5621 8457
9089 9848
294 1963
3804 6012
4576 4992
982 1751
1694 7845
7670 7697
71 8242
396 7211
5150 5163
2358 9605
8525 9292
4947 8684
2197 2828
3803 8452
247 9902
4161 9388
4021 4431
7936 8040
1740 7214
4442 5727
3205 5490
1983 4036
8031 9898
1750 7642
268 3547
3469 4563
2632 8107
6787 9407
1771 5004
5129 5170
4768 5899
4195 6119
23 4062
1614 9965
2894 4732
885 3926
85 9634
3151 5288
7270 8889
226 9029
2482 9532
1820 1973
1197 7928
1713 7066
4079 4982
8186 8788
120 4892
54 9806
73 3665
6547 6599
4308 9664
6089 7607
2370 4165
8342 8666
6041 9161
1893 3069
3331 6228
3928 4161
2597 8636
4685 6606
1342 2419
812 8637
6688 9644
1198 8954
1295 8685
764 1410
165 4300
1657 8168
3170 6980
485 2328
6140 9313
3976 9196
3979 4104
3359 8028
2798 7895
5287 5358
1063 9023
4051 6319
4602 7192
6034 6169
5803 7595
1506 8661
3320 5223
1836 5912
1661 4587
1143 3838
8722 9070
4747 8932
6146 7467
272 4680
4350 8202
5776 8669
1024 1907
5452 6008
623 1067
1000 2619
3564 9322
3912 9797
1866 6518
6289 7078
7836 8603
844 9918
1626 7934
2057 9133
222 4847
9245 9768
4860 6335
3847 8323
186 1620
4860 9524
307 8216
1838 4160
3606 7264
5665 8508
26 4700
5138 7820
2497 2951
1958 6514
7372 8364
2181 5545
1122 6041
1931 6553
1835 8961
2778 4426
5362 7882
1059 4552
7795 9559
2934 9723
2624 3485
5311 5557
6822 7413
676 7307
538 9366
994 7424
4597 9669
2604 5192
1306 6844
2054 9125
1369 6452
5384 9822
2934 9480
1754 1799
6936 8583
4070 7377
3486 4384
5349 9110
1811 2193
2795 3830
2606 9116
3702 4495
1680 2085
1847 4806
5805 9453
4547 8386
2437 3573
2129 3317
3888 5475
3620 4426
3900 8920
2806 5922
9604 9824
5932 7956
1874 2522
2426 6218
4594 9261
3520 4363
273 6549
1420 8450
23 7934
6162 8437
1555 5542
3544 6189
2267 9394
2572 6352
7776 7792
6846 9459
3638 4572
7284 8020
6001 9791
8 180
2319 9031
6194 6561
2126 5602
2770 5545
3807 4363
1729 5817
6754 7705
3516 4299
7573 7699
1789 6605
6634 8196
8897 9093
5044 8349
8801 9224
6897 8153
2593 8964
3537 9593
8917 9298
4136 8594
6681 9649
5228 7275
6901 6909
1537 8419
4148 5642
395 6743
1238 7454
5491 6833
7630 8925
4066 5414
2211 7868
99 7899
83 5778
2435 9486
2680 9123
1460 5648
4241 6997
3291 8253
2869 7612
1321 8701
5686 5910
2065 8902
5520 7480
4976 7496
2996 5277
3863 4418
705 5472
6039 6606
1299 9980
3062 9948
6281 7536
614 7837
7101 9721
1849 4104
1551 1569
5106 5699
6086 6465
1980 3971
6633 9663
4180 8935
345 2580
2966 7354
1173 8536
5529 9808
7095 8548
1655 5298
3580 8950
4781 6825
7208 9520
381 5050
4755 5981
8280 8659
1722 8492
8588 9939
653 5353
1050 6091
212 1906
7136 8185
1498 9221
2092 2225
507 7668
2398 6313
3713 9669
24 5812
2334 2845
4490 5580
7559 8190
3139 3369
1526 5313
7296 9164
5212 9229
3013 8129
515 4490
785 7294
9519 9917
705 4486
3869 4992
4693 5344
2770 7335
6824 9819
4050 6889
1823 3015
5582 5908
7427 9496
8827 9230
3459 9823
2216 2927
2313 7403
5816 8343
5997 7213
1499 8178
3788 3949
4111 9799
3850 9545
4090 8526
8745 9019
641 8093
3048 8684
5279 8321
2754 7811
664 5820
1491 7380
149 3741
753 6732
100 5718
6398 8848
3882 6136
9045 9526
495 9516
148 5863
2174 3524
1167 6282
4965 5415
784 7652
2640 2994
2765 9439
5181 6469
3402 3447
7034 8660
3800 9033
345 9745
5156 6226
1436 3081
1281 6054
2604 8155
3789 8291
966 7118
1994 4173
249 3923
3560 4673
1891 6341
6126 6730
7791 7872
308 5627
1691 9381
3834 5683
3105 6570
1607 1847
3424 6654
5595 9953
2325 7526
6131 9983
9086 9974
2660 6568
4246 6702
566 3601
1385 1565
8068 9896
2662 8092
7896 8913
3247 5900
3833 7285
1183 6154
545 1722
2658 6819
2109 6616
4340 7612
2081 4845
6096 9278
2682 6615
3378 4345
4533 9517
2560 4268
8060 8402
4366 5884
1422 5294
3134 7337
1671 1929
1643 2819
8177 8740
3347 9767
7149 9584
441 6389
4497 8904
3320 5704
1255 8930
2177 7394
673 6127
382 1772
904 5047
325 3957
2802 7592
122 1271
6171 6756
5420 6509
144 4886
1101 8052
5811 9872
1614 5944
2833 9923
5032 5840
5030 5960
4642 8529
6038 8748
6855 7716
3557 3971
3490 4948
2243 7345
621 9110
478 5830
4546 4795
4598 5600
7396 8124
4874 8776
125 2487
5732 5859
2155 3468
7382 8238
4382 8516
6055 7583
985 5975
2248 6783
2436 4616
5365 7802
4954 6883
3298 6750
4324 9068
6074 7395
3855 3918
8098 8772
2907 3726
1910 9149
2696 4499
111 1823
462 7410
1485 4139
3072 5433
149 9992
7194 8812
6378 8550
7253 8664
1896 5971
2829 7179
2678 5213
5876 7593
6673 8173
7618 9275
2030 8874
2627 5618
916 1251
3186 6449
605 8193
2845 4534
569 6264
5975 6517
8454 9571
2960 5385
4520 4878
4766 8895
4273 6680
1381 5322
6344 7088
727 6652
7512 8070
1658 6409
733 7540
5960 9375
19 7049
3288 9610
1136 2139
5728 7221
609 8715
2261 6845
1978 3065
1032 4803
1123 6960
4673 7253
687 2643
4752 6144
1765 9290
3357 4818
100 9171
213 8007
5093 5826
3470 6846
7054 9917
2748 3585
4249 6402
1285 1911
5729 8853
4355 8896
4278 8388
7501 9841
5173 7431
2483 9621
4591 9535
8383 8715
2242 9259
2860 7229
3109 9103
1620 3444
4349 7197
274 3685
87 7136
6939 7164
9437 10000
3404 9384
760 882
2076 4565
5978 8354
3413 3564
8663 9145
5948 6566
1559 3460
947 5226
6501 8036
2332 4558
6999 7285
1293 9702
1455 3096
8385 9844
4398 8084
7001 9095
5471 5562
4503 4781
606 1606
1791 6585
3508 5268
482 4424
6945 7919
131 1914
5296 5499
1228 8424
5142 5404
2492 7293
3196 9931
2047 6830
4321 8046
394 5255
457 6257
1000 2760
2018 8800
1233 9002
6025 8430
5869 9474
2593 9653
4194 8088
1505 2226
4423 9353
48 9589
1939 2184
6371 9053
1047 9548
164 7602
8284 8296
1773 9493
602 2284
1879 2317
1406 9549
1656 7772
3860 8111
8864 9975
6434 7732
4125 8026
3910 6258
4611 8950
2932 5942
590 5786
2898 4530
5652 6174
2259 3964
695 4225
277 1767
1126 6381
4523 7087
7530 8984
1173 2673
1827 4922
2676 7649
3166 9069
6487 8843
79 9408
4298 7315
4754 9858
2402 7271
6222 7979
4022 4362
412 8961
4727 5687
4586 9081
2013 3002
2367 8659
1809 7819
2236 7343
2497 3545
3943 5238
4016 6471
1546 7408
171 9651
196 7613
1312 2432
4292 5652
4736 5253
2474 7151
362 4802
877 8915
656 5581
3114 5689
2855 4745
3396 8677
7520 7601
2923 9960
3675 5358
980 8528
7671 9528
4854 4924
2743 9721
458 1529
187 5424
1900 5866
1943 2865
5211 5410
974 7471
2666 4290
3826 8277
8224 8350
215 5736
4358 5383
547 7509
1558 2962
1959 2454
246 2952
3550 4861
3303 7871
2012 2599
5755 7446
7173 8366
3627 7520
3501 4840
225 3033
2535 5706
4416 6549
304 2279
6830 9059
3846 4128
1090 4114
2484 6686
6571 6907
1697 4000
2977 7592
8357 9344
1783 5428
2019 5913
432 8330
1550 3002
1883 6313
4118 8449
1189 3259
4790 7051
5021 7156
2425 5743
3591 7629
5176 6092
3894 8647
1076 6685
124 3637
2877 8748
4450 9920
5695 6686
3183 3891
355 8542
6360 6971
2153 3278
2519 8333
3979 4042
954 5139
645 1362
8302 8846
2614 3484
1943 3073
7807 8010
4552 7902
3349 3774
1057 7789
6778 8406
1220 2002
8089 9431
1671 3221
840 6876
4540 6804
146 4562
162 5569
3485 4857
3588 4164
4620 5734
1023 4243
5839 8998
734 1728
2825 7963
1586 7901
8513 8991
599 6892
3095 5621
309 1011
4368 9398
3897 3968
4430 5125
2993 5437
7439 9412
748 3893
7184 7860
4867 9824
2488 7879
3106 9408
4735 6079
5883 7733
3531 6123
1599 4739
2093 7165
376 2728
4371 7149
8673 8861
856 8725
286 6511
7606 8151
3827 4893
2486 5768
4678 8105
1624 3202
4192 9890
1126 2807
1326 6197
2430 3332
2959 3801
7756 9351
1208 7556
2197 2336
3839 5666
4943 7400
4834 9932
1877 9406
809 4643
698 8031
1921 7164
2405 9235
6963 9887
2331 5216
1566 7044
5388 9931
1236 6484
434 814
1833 9073
4325 6176
377 9884
2864 6831
1682 4649
5742 7854
2955 3284
2848 9154
4494 9172
923 3755
5489 7548
5528 8841
5604 8879
4192 7635
4488 8015
7550 8076
1463 9455
2273 4896
2400 5756
5343 8347
7905 8802
1128 8706
2625 7484
1317 6185
2788 7506
189 747
4640 8530
616 8981
5251 9570
3270 9974
10 3739
4410 7078
754 8665
1742 6724
3668 9547
718 8797
3670 6373
6322 8434
491 5016
2959 7545
2501 5922
1809 6138
1274 4158
376 869
454 6268
5608 6412
387 4660
484 1139
904 7302
3016 6937
2814 2969
4667 7754
3996 4162
5579 8038
3580 4309
563 1015
6035 8630
74 167
2063 3472
2107 4824
698 9516
1211 9012
56 9606
1434 9317
1688 7220
4150 6292
3766 4660
372 4733
835 7704
283 5261
6167 6350
4019 4123
8563 9014
532 6018
789 3134
462 5942
2329 9463
1855 9181
997 1025
6483 9779
1873 3892
5014 5217
4159 4804
2893 6403
2948 3885
5793 7339
1303 7782
763 9506
5139 6385
316 6244
106 2963
6093 9449
2482 3582
5662 9215
5166 8588
6075 7682
3043 6269
5136 7585
8121 8367
4373 7766
7112 8867
313 7423
3601 5371
53 2338
3329 3772
7978 8629
511 8286
5390 6841
998 7310
5056 9865
589 1674
3031 7703
4884 6671
391 978
1297 4473
7824 8017
3721 9918
719 794
970 8646
173 6449
62 6491
6071 9518
5841 7696
4939 9999
3777 9015
3145 9676
1425 1598
1674 8428
1418 5478
28 9375
962 7564
1174 5761
5985 8354
4407 5461
658 8084
8154 8616
6374 7603
6917 7112
1654 4285
4124 7195
1861 2333
1487 8442
3313 3498
3370 6664
2247 7455
4072 4703
456 5163
4599 8766
5051 9579
2458 9657
5403 5811
754 4201
3411 8795
2409 6411
1074 2532
2046 9802
3807 4740
6217 6540
4548 6759
1726 7943
576 2074
5407 8185
9596 9619
1730 9427
613 5040
1315 4609
3197 4301
1535 3818
2518 2787
1108 6104
648 8028
2170 4939
2841 9325
6773 7656
3047 6472
58 4095
2441 7853
856 1431
6010 7280
3725 7641
808 5393
5999 9685
1550 5906
575 5751
3403 8608
3516 6735
2511 5956
5394 9262
1756 2287
2987 6463
3622 8442
936 3283
3877 4970
3977 4858
2928 7321
5944 9193
1147 1980
725 3952
3870 5976
3269 9355
1043 2645
1913 4260
4705 8067
1074 8968
3618 4345
1925 2800
907 3819
4191 8989
5397 7354
6290 9232
2186 3474
2756 6906
4094 4530
990 5069
2061 9665
2042 6506
6276 7476
8328 9092
4319 9879
3610 3642
1849 4499
832 8606
1734 1808
4453 9940
5514 8057
6888 7804
2416 3683
581 7440
4117 9251
2194 9284
6709 8608
5082 6856
8200 9641
6386 7224
1596 5299
2539 3026
3281 7572
5200 7140
116 7418
1714 5784
1075 6780
625 6649
1421 7832
4784 7135
3382 8851
7288 9473
3006 4255
2655 8807
2824 4229
6003 8113
4945 9975
2652 4539
83 7303
5585 5766
3291 8039
113 3383
6891 8130
5924 8782
2701 3132
3795 6121
25 3019
1370 5026
1883 9973
1222 5284
2185 3465
3041 4662
1792 9468
265 3571
4483 7960
1948 9060
788 2913
1482 8270
3811 9758
3738 6721
2095 5043
1024 9076
2101 9529
9457 9821
3625 3801
6139 6548
3558 6625
1972 2797
628 5503
2661 2731
4193 7962
1475 5252
2087 6543
1259 5789
465 8714
2864 9132
3345 6938
4923 9998
6863 7333
4991 5552
4778 8759
5677 7867
5120 5834
7490 8245
123 9303
716 9252
3951 6593
901 8940
5842 6810
7290 8572
7070 8907
404 3717
3454 3862
818 2475
790 3723
5561 6761
6903 6988
3664 4252
1335 9784
820 8223
949 4313
2919 8017
4703 8970
106 9052
3198 5276
6720 8407
7316 9550
1512 7677
6180 8731
873 3289
2151 4404
383 7973
2224 9513
2083 7391
2836 4294
2075 9580
2858 3336
1056 9855
3455 4047
6752 9391
488 8487
8305 9502
1160 1615
7837 8027
5744 9411
3103 5803
5920 7337
1302 7503
7704 9471
1569 3796
2740 8075
4786 8156
5709 9959
1082 9916
5859 9492
393 9575
3245 5639
4315 7525
6187 6267
631 4983
664 1206
4813 4964
33 4302
36 9042
1289 6036
8697 9981
4335 6099
877 3986
4627 5889
5466 7608
4471 8080
1462 4690
2741 6560
1658 8645
1827 7821
2447 9710
6997 8797
349 4043
8941 9217
495 3535
934 2789
3764 5776
635 732
201 9058
3373 4889
3144 9542
5307 5338
2848 9351
3631 6259
6857 9333
1066 3752
5819 6447
4076 7418
5306 9370
1477 2407
1985 2160
973 5775
1481 5078
3079 3524
186 6923
9364 9493
5257 7296
2107 9739
3567 8932
6490 8887
6592 6924
2278 3587
293 3223
4809 9263
1384 4862
6485 9558
6597 7929
4194 5784
6280 8053
7474 7563
3149 3538
2373 3355
3324 5178
2834 9079
5878 9425
3982 6078
1601 5216
1413 2757
900 2824
5758 6969
8284 8973
2495 8877
1661 6897
8203 8655
529 2451
2097 9979
2617 4017
6908 8248
5895 8619
1855 8290
8297 9350
245 6343
4247 8911
3727 7866
1606 2881
8668 9783
5267 8693
5935 9522
4714 8024
3790 7222
3947 6130
4879 6357
7584 9027
1357 7437
9 3719
5204 7924
3363 7681
883 5498
193 2014
4635 7258
549 3386
2709 4537
1397 3158
4385 5011
4586 8972
4952 8188
4773 5019
5083 8512
4726 6020
2233 4842
7451 9003
2351 3208
3792 5193
542 4937
742 3169
526 8597
2843 9434
3189 5416
3560 9632
3742 4060
3500 4907
4487 8448
5235 5606
993 8901
2008 2781
7445 7783
4346 9614
4033 4393
1445 2095
1837 6011
2459 7527
2820 6180
1684 8035
699 8876
2594 3948
1560 2712
8158 8872
609 2626
1926 4128
393 7453
1288 4898
1677 2307
1366 5179
7432 7977
7685 9739
6858 8228
816 9115
1533 9270
448 6648
237 5187
3679 3721
4024 6441
1 5834
8650 8960
5744 7835
435 2547
5902 7351
2071 7691
4145 6102
5523 5614
2515 8459
144 8461
2003 2470
5366 6349
1368 3842
4213 7955
7696 9969
4944 9252
6829 8349
3452 6622
5145 8957
920 2615
5510 7654
1681 7936
840 9926
1350 3713
1262 6848
967 9208
1759 6788
599 9313
736 6311
8244 8761
1635 8230
5342 8010
2867 7786
2431 3955
2283 3075
7005 9244
2155 3866
3784 9833
1203 2731
2318 5222
5202 9277
2093 3653
4930 8136
4145 7205
66 1326
2223 3495
2309 3327
1486 5514
2750 4173
3407 7976
168 2920
4823 6666
1574 9250
1749 3124
1761 4037
358 1613
3171 3873
6148 8198
19 7666
511 5398
483 9766
976 9450
3543 4069
3108 9908
597 5085
6364 7525
228 1940
712 3877
3958 8418
431 764
4236 5278
4167 8271
391 4672
3234 6705
2771 4664
805 6508
336 2304
2119 8519
5509 9876
1756 8338
4281 8673
433 2759
649 3198
211 7305
8243 8723
223 7151
3890 5504
799 7594
56 7328
4110 6899
7463 8577
7588 8916
2139 3512
374 3086
3458 7220
1166 2019
961 4399
4238 6157
2325 6534
741 9594
1669 2617
974 1837
5252 8417
2099 3120
6170 9645
2691 3986
4564 8773
4696 5995
6468 8251
5003 8370
4100 8399
1478 1670
49 3319
5538 7369
713 5147
5923 6365
3257 7348
80 5002
1294 1414
2697 4496
6178 9250
5709 9922
578 1092
1040 8704
5862 8518
8283 9794
4360 5959
684 3359
1414 6717
4384 9283
1197 4296
1092 1437
4617 8832
6994 8949
4215 7975
2971 7980
1352 2457
2578 5045
3233 4034
3074 5754
792 4683
176 1282
3486 8933
6984 7000
207 1113
6450 8191
346 3894
3392 9811
4967 9100
2274 9357
1782 6170
1093 2947
2846 3457
4678 4925
8335 9553
7583 9248
7329 9564
1070 5946
3581 7047
2128 4159
1176 3782
1383 4431
2110 8960
8481 9886
3371 8174
8713 9928
6016 7287
468 9823
1242 4425
5351 9137
204 9466
7342 8448
1508 8545
1148 2094
7472 9789
259 714
449 6804
3482 9837
463 8460
1262 9362
290 4683
959 6579
5142 5690
2053 9281
1583 9953
2390 4971
6909 7863
2384 3154
385 6459
143 6312
1830 9808
206 7832
1692 1783
339 2631
2808 3787
1519 4699
5810 7796
194 2316
3761 9300
1253 5953
2669 8842
7275 8361
1449 5560
4467 6692
4357 7547
1920 3488
6303 8128
5350 7875
2361 7625
2362 6520
4349 9654
924 5314
1950 7183
806 2657
648 7340
4266 7578
531 8302
3117 6526
2190 5924
5867 7419
13 1907
8474 9082
6095 8296
5638 9269
6611 7106
1538 8263
2689 9518
1784 3022
3777 5509
2350 3944
6748 9674
2677 4152
1440 9681
8367 9515
1339 9133
4706 8999
9027 9265
1297 9078
1313 1806
2330 6892
348 5672
5787 8282
3837 6986
874 9024
2438 8374
8164 9006
675 4788
384 8132
6737 9958
2563 4400
2877 6898
5979 9100
2269 3389
1868 7322
3366 8208
3697 4369
1784 3577
3262 8885
8480 9170
1292 9620
3961 5480
1947 9209
2654 7883
2247 2249
6627 7370
4630 4996
6850 6942
3745 9289
1034 7133
2737 5006
4796 9140
3318 6884
2742 5084
2481 9656
126 3039
1916 7818
749 8936
2747 5524
8763 9144
1265 8094
263 8333
1899 8959
5370 5781
6850 9950
6058 6594
1144 1312
2440 9024
5835 7627
2106 3156
3705 5758
2631 2998
5699 9049
1304 4982
1582 5636
5387 9611
1210 7801
1405 4338
2775 7971
1774 9691
4737 5301
1162 9399
733 2805
1474 5969
471 5698
649 5473
6135 6655
3242 7630
282 3230
1272 5059
1623 2130
2067 4948
3633 6116
415 5617
917 2411
2447 4038
2208 4750
2036 2153
1337 5424
4632 6301
5825 9532
5844 9262
965 3704
3107 7775
5053 7821
7430 7993
65 6062
364 8848
52 2149
4926 8527
3905 7528
206 745
1357 4266
2310 5591
3798 9214
6724 7624
291 3872
3159 6742
3128 8351
4568 5214
3003 4172
325 699
5629 6589
332 8708
5202 9654
1328 8089
2562 3933
4639 6207
1419 2798
5348 9944
3767 9102
2987 5425
7485 9058
6461 9693
951 7379
8206 9360
1951 1991
7045 9019
6086 6507
4160 4364
2252 6133
2567 8550
2577 7365
4658 6259
3988 7906
4304 9966
1364 2477
1083 6610
6027 9460
557 4738
2642 8903
1627 6388
2922 8405
8728 9234
2385 3804
6774 7386
4392 5516
674 6299
5169 8561
2056 7115
847 3273
2249 7186
1395 5763
1026 2597
357 6392
1716 5685
3838 4618
512 9622
5430 6467
5196 7081
2314 2410
3840 6505
4536 7306
3611 6578
70 4007
8420 9811
4974 8050
3791 8125
4545 5088
5455 6372
3441 8594
1035 2778
4492 8557
5305 5611
20 1949
1564 5779
6291 9329
1323 9754
3284 5681
4369 5422
2984 5911
5481 7600
2158 8373
2449 8170
290 4718
360 2275
1311 3453
9040 9254
572 6380
3364 5401
6397 8376
2730 6033
1492 1495
1776 1926
3179 4839
5421 9396
2979 6173
633 3993
4359 6720
3347 8341
1946 4653
1770 3185
2009 3459
4370 7557
2163 2245
1718 6163
6161 8491
4632 9866
6222 7309
5762 7959
1063 2520
4137 6216
3098 3705
3985 9367
3004 9122
9376 9727
812 4017
612 9951
2472 6011
3419 5567
5915 8416
1059 7005
601 4248
4619 7741
148 4760
4916 9162
1992 2264
162 8910
1862 3994
5033 8834
7129 8934
7473 9501
4912 8819
314 3227
4864 8488
4955 6332
1110 3277
2159 2173
3700 7823
2234 9758
549 3104
8746 9438
1869 5669
3368 8562
1041 7672
7116 7244
1224 2549
1794 7719
9590 9781
5622 8166
1340 1773
344 2253
7939 9905
2429 2813
3655 7633
5370 9937
4528 7655
1441 9686
4897 9787
8855 10000
1858 9828
1002 3841
4991 6179
6270 9487
4606 7847
4546 5872
1543 3126
8133 9713
886 3203
627 3709
2388 6557
4774 6030
3995 4638
1233 9397
3547 9798
2719 7626
2741 6640
2383 6000
801 7505
8793 9963
6795 7252
1001 6448
4932 7124
8155 9228
6676 9363
935 9587
333 1337
3077 8744
1205 1373
689 8307
2721 8908
6498 9956
1611 2717
7019 9390
1255 5114
1270 1764
5244 8713
3746 5748
1264 1616
5505 8857
1579 3328
4231 6520
5129 8758
6580 9988
852 6475
2091 7092
2853 9193
2051 6214
1424 7234
595 7393
1986 6660
6697 7228
2885 7379
5323 8356
1269 2990
1222 1679
3498 3518
3828 4388
825 6442
3770 7205
255 3731
5277 6019
579 2678
2324 7724
6141 6366
4288 6565
6799 9075
709 5855
6556 6985
8075 8122
1403 6453
1021 4978
2380 5675
1876 2487
3279 5154
287 7910
562 9688
306 9719
6942 9609
1155 2782
261 4903
1082 9126
1687 7209
2609 8678
6208 6423
4529 8082
1054 4218
1195 8775
88 8120
4087 6246
1935 4181
3754 7007
7072 8510
3412 8826
7901 9653
6744 9951
1087 3701
879 8513
7549 8933
1702 4560
179 4010
8050 8612
833 9668
2555 7067
1159 8988
379 9603
3936 9211
1277 7134
6162 9923
845 6730
4633 6137
7199 9647
1933 3554
4430 7563
546 6128
3233 9728
827 3319
4848 9524
318 3597
3635 5519
7591 8019
5369 7332
62 8255
3301 8602
1636 2793
561 7917
2371 8277
4379 7041
5667 7395
1142 5625
5097 7458
3845 5659
2289 3681
3256 8016
2515 7946
459 4881
9437 9879
3875 7557
3011 4730
9241 9684
3011 6626
1957 7827
324 2148
3990 5279
3645 4408
279 379
350 5656
1717 2842
2298 7443
6097 9836
4562 7466
8847 9854
1214 8698
5009 9642
3972 6575
4679 5064
2199 9219
3820 7662
3623 8732
639 5908
4856 9628
553 6532
40 1267
1390 8139
7624 9960
1310 2464
1575 9064
1592 9617
9341 9523
1497 2806
1994 7366
7170 9662
6102 7989
7667 9509
1962 4072
7269 9746
5320 6125
3314 9757
1085 6008
1703 6079
2213 2348
1537 1677
5736 5957
6676 7429
3914 9106
2341 5605
472 5535
3425 6246
6935 9430
5634 7191
5548 9450
16 4279
3682 8426
4343 6821
622 7224
258 4949
4722 6432
3480 9551
2705 6328
3942 7051
9081 9703
3938 4829
1878 6125
5452 8054
2260 4574
939 9202
4372 7187
4144 7219
281 908
6433 8575
4590 5198
1534 5353
4457 7102
1867 2480
145 2968
1193 9624
165 285
1647 9268
6260 8569
3792 7111
662 7812
9822 9961
89 3703
3129 9911
7260 8738
2967 5122
3156 4877
4276 6670
3629 5813
1307 4595
222 1240
4854 5191
979 9150
4928 9844
397 2222
1344 4959
2061 3050
814 2893
1373 3924
1622 1768
5409 5748
4041 8975
548 943
647 4339
3747 9856
8832 9331
2758 5571
5039 7935
513 1548
7300 8217
5703 7466
4858 6315
2039 5369
7796 8136
1298 9424
7222 8808
1502 3395
8814 9430
2577 2796
7958 8410
5196 7053
4700 6473
3010 4841
4799 8745
726 9109
96 9636
818 7755
6235 8107
6430 8324
75 8785
2456 7447
202 9835
4794 7347
8236 8790
13 6828
1196 1777
2382 6231
5530 6982
1631 4601
477 6512
152 6422
5983 6405
5459 5697
9432 9519
6323 8192
876 8304
3680 9867
6888 8640
3803 6648
1030 4595
475 2903
7448 8026
6375 6916
4650 6875
751 4734
1322 5182
2763 9124
4671 6098
8267 8873
5557 8572
2125 8419
1229 1772
5117 8097
2097 2479
2433 6951
4226 8694
1868 8553
2327 4467
2024 9257
4038 7729
2000 3353
1597 1967
2829 4438
1354 8346
3004 6573
2296 3677
4061 4625
4164 7738
3806 6608
3513 4654
5321 7787
6495 7567
4282 7325
5687 7680
1200 7926
424 9888
3018 5361
4659 9985
81 3595
4532 7949
3295 6344
6171 9136
2292 5239
1155 8123
5676 7295
9176 9189
1954 6395
1327 5678
3182 4815
5458 7339
8944 9478
4669 8250
2051 7772
3346 4046
7602 9299
2869 6871
3603 9452
5471 8571
1108 3268
5236 5765
5723 5874
3729 4004
4471 6460
6393 7290
755 9066
2889 6057
6613 8482
5986 7134
2683 8165
5171 9380
2455 9220
6167 9665
8522 8649
1123 7193
3744 9719
1095 1857
4635 6067
1156 6144
368 2801
3193 8682
1997 8641
4199 6880
878 7748
4489 8497
1703 7806
8868 9757
717 6159
3310 4240
2468 3816
2346 5785
1890 2701
2599 5364
2805 5007
1832 8259
4689 9790
2614 9893
674 5165
3999 7723
5313 9225
2200 7914
5802 8756
941 1746
3929 7963
2743 9347
1084 5338
3341 5714
4228 8671
1149 5303
8727 9443
983 2112
1226 4289
5188 9179
6832 7238
270 5332
5794 6399
4880 6921
1975 5292
9307 9395
87 1975
3687 4417
1801 7102
4119 4938
2928 8130
6131 9405
6820 7324
8420 9264
5057 6052
4303 8678
1407 4209
8125 8310
372 406
9218 9748
3238 3940
6132 6274
3415 9507
1871 8886
4273 6557
995 7965
3209 8667
4041 6851
4699 6201
1086 7911
4774 8604
6010 8647
650 9317
5406 6096
1998 2549
678 9995
3965 8660
2705 5946
5654 8876
6025 6116
1208 6103
5845 7026
2377 8719
7847 9707
426 5037
2735 7129
6998 7702
3650 5996
7982 8546
4333 5996
4154 7711
2970 9128
1374 2297
4956 6979
5495 9340
111 1956
1364 6289
1875 6407
6508 6693
4212 5966
3100 5153
3931 9705
6252 9017
2437 2942
7576 7640
635 5542
7300 9203
8005 9097
4221 6579
2108 7779
804 8734
5548 7605
1134 1225
5752 7291
1779 3167
6322 8106
584 3174
6884 9815
8583 9956
4006 8132
5928 7554
4021 7997
2494 2752
108 3325
5092 6694
3619 9882
1694 4501
1790 9581
311 1393
5259 9591
5388 6499
6682 8090
781 903
3429 5160
737 4316
3610 5715
2810 7709
6153 6230
6056 9188
3917 9555
4245 8260
2958 4952
580 625
7946 9005
508 3009
4110 8921
4713 8978
491 5318
1960 3970
203 5099
8883 9747
314 5829
7524 9687
887 3511
1346 2981
335 1365
1789 7276
503 2054
7930 8972
4415 7157
4891 7770
2854 3908
3708 9675
1602 4808
6766 7297
2669 9421
3802 9386
1455 4405
2930 7916
3141 8953
1041 1251
417 9586
923 9118
626 1938
3884 6693
5940 7932
1428 6887
4084 5568
1770 2032
3756 4718
430 9231
4448 8717
7384 7661
1966 2992
8294 8997
1898 1992
5562 8134
3506 5246
915 9554
2088 2592
5339 8747
1794 8373
4025 6346
139 819
2272 9077
122 4882
1851 7046
8429 8728
712 2629
854 862
2336 6885
952 4132
444 8395
539 8344
1079 6391
3045 3409
575 2553
5323 7972
3632 4114
776 1100
1389 3014
1842 4157
1453 1600
1974 8421
2307 2712
3496 6847
1900 4911
117 9777
3061 4776
2326 7479
5597 8077
3222 5837
2475 5007
2554 2709
288 3324
3058 6346
2679 4497
4921 7642
246 4447
1171 2668
4782 5290
1017 9003
6577 7003
4617 6275
2544 4926
1375 7232
1944 7378
2528 5881
5167 5862
8100 9732
1241 7531
1068 2838
4626 9433
1309 6536
7249 9988
1781 5127
4307 6811
5150 6260
4690 7718
4362 7115
4155 8233
1894 5666
1048 5515
4511 4579
963 7650
3412 8498
5230 7676
298 2503
906 4544
1525 3276
2132 4232
1410 3410
4768 8751
236 1300
3125 7062
1269 9564
6065 8308
218 3441
1613 4364
2203 7404
1399 4594
82 7434
1721 5854
3155 7782
2234 3667
1078 8184
3216 6750
945 7338
152 1720
514 7569
2346 7613
1467 7510
1822 3865
66 7046
1065 7794
2651 8944
5535 5820
1662 6182
2352 2606
2634 3555
4320 6070
8021 9369
844 6152
6774 9321
3640 5445
2656 3973
5393 7344
544 9577
1693 1810
5457 8205
3847 6912
7128 7670
6912 7351
423 5624
2696 7852
899 1415
141 5186
304 6555
914 2817
2207 5443
429 6918
2905 9237
239 3463
5444 7488
2060 9472
5009 6195
3915 5931
1485 9464
2082 2308
5143 9850
6249 7856
399 7462
322 7846
3893 4748
3064 9177
4891 6632
6471 8547
6700 8579
6339 6656
7113 7150
171 4544
2214 6957
5350 9687
2566 4747
1511 6512
493 1535
4790 9498
636 6028
5108 5468
4105 4538
2086 6609
908 7543
4280 8288
2434 6835
3213 8034
758 5926
4419 8598
2005 7880
1449 5246
1689 2982
3003 4277
1542 3904
1908 8890
4697 4946
4902 6051
4763 8624
569 3409
6099 9410
1644 4401
1862 2408
31 7321
4317 5079
2392 3299
407 1834
6710 9717
3835 5191
6284 9004
2379 5050
7483 8834
2230 8467
4969 6848
451 7421
3224 4831
7799 8219
4070 8312
5128 6490
1828 3258
2442 8506
559 2776
2180 6014
6881 8919
5112 8291
3798 8327
3046 6814
4796 4987
155 779
241 5378
3340 5103
3494 7139
1646 5159
1588 5265
4612 5950
2067 3160
3054 8465
5115 7380
1290 2027
800 9377
7745 8970
5281 7621
3954 7834
9278 9774
4358 7667
1536 4519
2217 6783
2580 7971
1287 7083
230 4322
6409 7240
4112 8226
851 1589
3472 4961
157 1767
3254 7211
2123 4359
1541 6583
4838 4995
3859 8266
125 743
4622 8289
358 6193
4571 5078
2861 3405
703 8759
5212 9475
69 8819
4941 8801
1353 7303
9188 9279
1885 6069
1936 9952
4234 5481
2428 7415
7763 8768
4522 6967
4725 6358
3543 9166
628 9778
2685 8180
909 3613
4919 6304
3505 9991
1884 9979
1107 3826
6955 8197
7218 7262
4223 7488
515 2699
412 2997
2045 3881
2014 5245
1133 9348
1081 8326
455 8609
1647 4156
2830 6517
6191 8837
6827 9847
895 9577
1839 5870
1664 9681
5065 7452
6689 7215
79 9843
7406 8258
8619 9779
1503 4535
2015 6395
5214 5806
3455 4252
7515 8138
4535 7387
7759 9030
7752 9508
211 3963
4927 5060
4259 5266
3329 9381
1280 1566
319 2357
5037 8549
3570 4182
8937 9598
178 1945
42 368
4198 8141
1948 3141
5906 9230
1254 5309
12 8117
2944 2981
1033 6358
4543 4624
2241 8365
7100 9828
4006 4580
1768 7966
2187 4721
191 5930
750 2469
1330 1843
2564 7122
6264 6296
1080 6572
5639 6515
1652 2664
4332 6050
7110 9397
7310 8451
2195 7022
1212 9053
2530 4168
70 7160
3133 6936
1738 7598
6871 8905
3301 8263
380 6337
1631 8083
1701 3660
3793 9200
2303 2589
5273 9484
1180 3219
1797 7586
3060 5945
418 6601
446 7917
8772 9586
3200 8899
2015 8437
419 9181
5570 6003
9420 9655
4724 5404
7168 7403
463 6308
3619 6538
1982 9761
1742 4930
646 8425
629 4486
4769 8470
131 4849
1934 9157
1949 8422
4334 9921
984 5444
1527 1958
1102 5645
3575 9107
7616 9964
297 1856
2390 9711
782 5838
3368 3672
3492 8279
2209 8029
3452 8161
4820 5325
3195 4778
2231 7345
2902 6735
8980 9458
1846 7825
6923 8854
1861 6266
2830 5104
5187 9416
928 1433
2239 5024
3236 3371
3201 7502
419 3287
1785 5210
738 1592
5124 8941
3191 8149
2211 8256
3082 3435
799 8131
2345 8447
539 5797
8007 9791
5004 8473
4988 8358
4754 7915
1501 7323
3188 5232
9005 9328
2570 3901
4908 7981
2921 4084
5392 8047
2250 9199
5020 8591
2674 3040
3372 4940
4265 7737
1736 7671
8108 8729
2812 6598
1511 3305
4214 9955
2052 9167
1318 2023
4459 7661
1195 3749
4623 9301
3123 6224
2575 5492
4220 4717
5105 5615
1982 8555
5308 7787
248 7544
4941 8953
770 8027
6758 9334
2838 8311
5209 6599
7538 9140
1293 2897
4098 7249
4599 8441
940 3568
1507 9952
6273 9737
867 3232
1877 4078
3354 3509
6202 7804
2496 4253
4929 9244
6195 8965
564 7176
2745 6852
4341 4645
3921 6983
3092 9567
5717 8478
322 789
4286 7566
1761 6530
2875 3812
3779 6812
4079 6959
7328 8456
1473 7429
2558 5048
2578 9124
5722 8990
2768 7662
1196 6690
295 3499
2191 7478
2217 8375
1248 8018
6299 8914
8186 9011
4712 4802
1702 8672
6602 7120
4397 8445
6072 7225
3083 9425
3963 9004
1805 8400
1720 6120
3103 4078
7166 9206
6867 7849
9697 9929
2847 3856
2465 4439
3323 4694
500 8170
1541 7526
2686 8812
414 3939
1341 4592
121 2600
1111 9647
5740 9895
6251 6359
1185 3362
7179 7578
7217 9179
160 5476
6992 7234
1539 6840
7 6610
4751 6826
67 853
545 7274
6404 8407
2660 7065
7017 7973
2372 6718
6051 9883
5464 7147
987 2559
2403 9402
7037 7494
4086 7163
537 1168
8080 8618
4212 9982
5121 8650
1921 4403
3360 9280
4012 7010
3743 6295
3878 6948
7633 7806
5735 8899
8346 9848
5741 6980
1993 8949
4191 6229
3652 9092
63 3990
5035 9634
3352 4488
4931 6126
5884 7877
11 9071
3654 5513
7043 8973
2836 7217
8113 9393
3704 8069
226 8788
1038 6644
7475 8821
891 4032
145 9163
387 3750
5708 9038
3384 3577
2667 9129
4446 6476
2205 9619
303 9192
7945 8129
3572 5244
5341 6440
2361 4668
6236 7064
1672 8016
7884 9125
638 5412
2137 9071
2166 7935
1493 2899
5340 6245
356 9497
4478 5730
1451 3872
2720 6075
8116 8666
227 9413
875 1115
2450 2756
1897 3848
6108 6316
940 6567
306 6416
8884 9556
2909 8826
3265 5858
7229 9891
4921 9643
132 3231
6356 8669
1740 7079
769 9509
3176 8157
1439 5769
3905 6940
1411 9056
8870 9875
6300 9934
802 6021
2128 9595
990 5897
2391 5332
1044 7626
2881 6049
3085 6643
6049 8167
1408 9684
783 5774
4702 5594
1464 3604
567 5554
7842 9571
3116 8201
7912 8195
6710 9195
5288 7663
2764 5702
1721 2417
4567 6105
4326 7838
861 8526
552 9347
1854 2727
3607 6763
1163 6281
3998 7101
1737 8685
1693 4314
6854 8212
1899 5024
109 1052
359 5255
740 6119
4047 4117
4799 7130
3983 4733
489 7801
1667 7040
5101 5902
6194 9741
7289 8935
396 8475
3330 9881
9098 9562
4042 6231
1594 2818
2045 6695
2016 8625
5540 9168
2769 6684
901 6304
587 1727
8245 9855
7350 7589
3859 7614
2328 6139
1807 7191
1068 9446
4605 9424
5032 5712
1610 8671
2773 5402
6150 7265
1257 8446
2435 9281
1590 8730
661 4724
6930 8176
2434 4564
4034 7993
6699 8601
7519 9892
3548 7678
724 3832
1223 4044
6165 8858
1529 7674
2393 9113
9414 9517
6095 6727
3648 5598
8151 9008
3926 6031
7161 7320
4231 8912
6657 8627
1086 1746
1241 8676
3239 8883
2363 8012
5606 9977
4625 5613
4675 5662
2573 9216
3977 4449
925 3469
8645 8766
4003 8605
2925 3744
3551 3594
8002 9274
271 5578
524 771
2715 9761
4527 5445
107 9240
1758 7989
1795 2505
118 9716
434 3824
2064 2650
1150 1336
3478 9861
6751 9329
2746 4882
6990 7009
8025 8046
5283 7764
5164 6836
2314 2553
3997 5800
5761 8965
890 1556
2507 8360
4655 5487
4327 7918
1736 3414
2811 4304
90 1739
956 2477
1152 3150
3073 6177
7841 9742
8235 8921
2693 5031
707 9648
3919 6802
3739 5704
417 3768
3861 9542
2244 2591
184 9460
3426 7570
9210 9306
3034 8076
1681 5654
3762 9894
6570 8339
9750 9859
1929 3036
3270 5587
4874 5872
8831 9633
2355 7791
682 7259
8751 8995
2471 9017
2001 9533
2179 9131
5294 7615
1873 6779
1234 5540
1076 8066
4688 7144
4383 8006
3286 3551
8597 9306
2655 5455
1309 2699
3853 5362
1116 8750
848 4048
3461 4614
29 2395
5146 9814
119 8465
557 9583
3036 5258
4997 8969
73 9337
6828 9826
7029 8652
65 4505
4888 5026
5096 7675
2690 6842
4549 5637
4180 4577
927 1957
1032 4940
6212 7902
4035 7196
2918 5993
5250 9182
3881 7883
2102 7528
5941 6380
1686 2780
4107 7811
8121 8955
2854 7541
1333 9635
810 1950
4276 7456
2162 8100
1638 8967
4936 6866
450 9246
3464 6674
1228 8923
6851 8857
5304 5851
1922 7874
4454 7006
2650 4025
1752 6411
3873 5938
1236 2129
5940 8246
3651 7644
4677 8898
7531 9386
6127 6844
2485 3276
2738 3218
510 577
2422 5499
2649 9068
2813 3950
2414 9410
4061 8884
5385 7082
2724 7714
3806 7359
476 5448
7057 8143
8434 9738
5327 7079
2387 2835
5553 8781
1459 9343
2557 6430
4758 6058
1174 6814
741 7367
2919 8180
6860 7991
1531 9370
2825 6865
3538 3815
7411 8777
3372 3438
6977 9389
8104 8707
2381 6788
5366 7717
7100 9374
1540 9919
4008 7421
627 7357
2170 6076
5036 6298
3091 3391
2401 2787
562 6620
494 5583
2413 8474
1186 1587
1169 6985
4845 8401
600 7568
7126 9618
865 8331
1930 7713
6501 9411
5415 6669
2204 9495
9346 9770
1188 3909
6889 7287
1377 7085
1678 4883
2367 3051
5580 9842
2444 7560
3419 8059
3765 5280
4019 7907
442 4687
467 8146
1665 8652
568 8003
1347 8863
956 3639
4197 8166
4031 5553
4634 8432
3348 7760
2837 6989
7019 8548
5875 9495
2534 4146
671 8320
2628 5655
3931 9292
2134 5183
4761 9104
1922 4126
128 2761
2255 6698
3298 5904
2167 6577
61 1072
4162 9756
777 4525
2499 9187
5537 6617
1160 7886
2374 7491
717 3693
5541 6033
4838 7622
4381 6722
1870 6457
3602 7742
1618 6172
2294 8021
3261 8909
5006 9801
8382 9173
2191 3260
4312 5679
442 6629
6288 9378
1586 9631
5506 9047
3440 3853
662 4270
2534 3235
2421 8469
4151 6320
5757 6383
1179 3090
1533 6204
6333 8214
2085 9046
5436 7393
3701 5826
1437 7631
375 2809
1404 6254
365 7692
2359 4915
1071 5543
6168 8535
3295 8290
151 1709
18 8389
1353 1452
6816 7876
2707 6497
871 4748
4943 9083
8757 9001
6823 9187
2100 6283
2514 8412
3662 7808
5467 8868
5268 9714
2043 3447
1515 5363
9864 9943
202 4176
5485 9321
7018 7226
3920 4984
1055 3397
4282 8390
2831 7343
1019 9579
824 3514
1106 3973
4284 6524
894 9141
1153 5534
4480 4713
4947 7169
1454 7502
2931 4945
1732 4780
3400 8287
3253 6904
390 6787
7141 8783
6248 9813
6355 8140
3028 5993
4493 9700
2489 7146
933 3207
3849 8257
9477 9720
579 9007
1274 9689
284 9782
853 2957
6621 7109
1356 7558
723 6361
3429 4689
5105 9197
909 9233
3507 9117
3594 6881
5459 9835
4190 4520
7874 9021
4531 9218
4895 7816
3828 4959
2946 6429
4224 8204
652 1573
2548 2985
2381 8794
3047 9690
2991 9180
2090 2886
232 2257
5603 8458
5454 5460
4295 9400
1648 8276
3772 5122
1640 6636
6266 9210
7802 8633
8573 8617
522 3593
146 4331
3188 3471
2900 6305
49 6037
429 6158
114 4023
9455 9640
3651 9240
3302 7897
4749 6190
4515 7994
1763 5258
2529 5644
2630 3463
1187 3439
7673 8845
2850 9909
3711 5280
367 8274
2339 3132
2442 4723
3501 7606
2866 8894
1207 1237
3837 9465
1627 3178
9319 9826
2399 7574
2269 7680
797 8978
1436 7812
525 5285
3206 5347
5653 6347
691 5275
1217 5947
6769 9310
2610 8537
968 3691
1530 3214
2495 3600
1322 4251
160 8723
250 9294
1814 3992
4427 4903
1628 3019
3592 8638
2840 8939
54 7730
5071 9911
2498 9530
8344 9514
3358 6298
3376 7069
1387 4035
806 5982
5127 6958
2138 9251
4113 5722
4179 4737
1372 5658
5297 7269
244 4407
4984 9047
2471 7726
848 1944
5317 6190
5716 8882
2844 9949
200 7030
4085 6569
1646 5777
6227 7788
256 5205
3140 8662
9 3464
3481 9238
239 2207
4686 5469
350 3517
3101 9483
6873 7438
7518 8272
3316 3488
836 5984
536 813
3456 9831
4640 8511
2592 9061
7900 9649
199 8568
6040 7039
785 6865
8103 8491
4913 5554
3727 5060
4901 7011
1799 8386
2460 5382
3334 5852
97 8749
3094 5336
4421 7081
2887 8705
2713 4514
2200 5531
3083 7924
253 5422
296 9323
1016 2732
320 7828
6807 9962
3967 7284
6503 9867
1358 6638
1498 3016
3255 5915
105 7755
4726 7356
4908 9447
4791 6414
2755 9276
4522 6413
1145 9722
687 9384
6703 7425
4311 4905
6886 9223
2365 8232
6223 9576
568 8104
2454 6181
251 260
4498 8295
104 1363
2707 7428
1368 9043
3675 4053
3576 9464
1777 8724
7889 8285
4152 5730
2363 7257
2034 2926
334 5356
965 5831
1580 9084
778 3825
5526 9939
6952 8992
2306 3588
4784 7628
4682 7959
2508 5254
6590 7568
2723 6929
2415 7777
1045 6764
1168 5700
3552 9521
1603 4009
2921 4318
5484 6456
1084 4837
3321 3732
6791 8453
3612 6815
6908 7831
85 4888
2115 7848
4990 6464
1581 9270
1403 3521
4568 9350
5791 8294
2852 7491
3153 6044
477 2208
4686 4816
676 3061
8102 9991
235 2647
537 3783
3694 9884
3535 7715
1908 4153
1166 6279
1279 7556
6404 7374
2627 4701
881 8087
7001 7830
2339 5087
64 8341
1864 4267
3135 9239
7190 9098
469 3474
4608 8581
4849 8878
4914 8402
498 7539
2124 4015
5702 8859
1284 8579
3118 7651
2975 4455
2311 7880
1663 5927
6122 7398
93 404
2576 4842
3549 8746
4338 8755
890 2581
4197 7323
2635 5278
1363 3919
4957 7456
2216 4543
550 4658
2343 3841
728 8000
8948 9295
1719 7666
1427 2895
1578 8691
5412 9443
597 5563
708 859
3531 6444
3021 5633
8793 9403
3272 7095
4776 5397
3477 9427
210 2008
854 2337
988 1521
3473 9701
8144 9043
3598 5242
3294 4710
3886 8383
864 9016
6318 6956
858 1140
2105 2726
7459 8127
3332 3454
1769 5094
6213 8391
1567 3808
3137 6558
3029 8478
603 8636
7329 7355
4055 4592
1213 7693
189 2792
7077 7227
610 6211
1700 4378
7108 9989
955 9111
8298 9847
3398 9644
1802 9328
5775 8632
3346 9810
2895 7200
4391 5558
329 6745
1808 4393
6 8210
3481 5522
882 4203
3101 6436
3220 5777
5650 6161
5824 8957
5550 7532
3234 5781
1328 5151
5432 8280
5646 7815
7277 7833
436 5733
6193 7964
3099 6994
4771 9803
1489 3465
2202 8721
713 4424
2804 4149
9109 9166
1545 5629
14 9116
91 3458
2576 5860
1286 4333
4122 6993
5375 6145
4011 8327
1724 1807
1542 2943
3949 8753
4647 5396
4381 5262
3013 4608
3436 9315
2409 5569
28 6497
5642 5751
4341 4670
2510 5243
184 4714
7369 8320
1252 3119
3150 6938
141 9657
2742 5929
1218 9663
6661 9839
175 2969
238 5469
2149 9169
355 4818
5061 9094
1296 6029
3735 5355
4101 7032
6874 7919
7638 8524
4491 9673
1103 4920
243 6272
267 8789
5925 9668
5684 8231
1316 5919
2382 7309
5929 6714
3669 6561
4684 9957
4385 6020
4634 6192
4077 5794
2318 9470
9538 9987
2309 3416
1692 3717
1744 4642
504 5967
2140 5456
1400 4251
3049 9818
1643 7426
1457 2589
7766 8541
3477 4463
3510 6502
242 7575
5636 6044
9171 9199
2406 2862
1462 4906
3038 8447
7004 8627
2983 5623
1895 9202
546 3528
1277 7407
1819 7549
4346 4429
5098 6040
3037 4111
1865 7577
3200 7553
849 9104
5044 7009
556 5593
195 6831
1473 7810
127 4875
5656 6323
1022 8977
2121 2624
1787 4414
4263 7888
8037 8839
9000 9809
929 7645
4242 4585
98 7365
4249 8392
5310 6489
5478 9243
7522 9153
7314 8223
4106 5218
4681 8154
194 2736
6612 9387
863 7007
7462 9829
5354 8682
8852 9242
7196 8926
2531 7987
1356 5304
451 1023
3173 8476
6414 8371
3960 7487
6927 8404
3299 9925
6382 9623
3373 4294
3643 6511
5549 6316
7561 7569
342 9980
4422 9091
4141 9016
7185 8304
258 4263
4190 7165
5697 7273
5175 6442
328 6510
5177 9356
983 2525
3293 8436
4809 6604
3375 7352
957 8747
710 2432
466 4822
269 3630
6334 8634
1469 1769
2386 7822
1454 4102
6286 7338
1321 3224
5379 6928
2071 8109
4456 7620
7301 8206
4239 8959
7450 7554
1912 4293
4402 8002
7870 8675
1609 3530
1765 2748
150 1475
5801 9500
4392 6306
4347 6595
2394 2529
6132 9671
716 6175
3394 9541
8106 8433
2213 9045
8 3569
214 9277
2016 5594
1699 9046
3733 7604
4793 5180
6624 7997
2939 8882
4464 9611
9079 9551
2821 4496
2299 7459
2727 8011
6065 7725
1596 5130
4336 5934
1018 1430
8096 9377
4590 8313
1114 4998
1500 9521
2140 6565
842 9947
58 9041
3565 5204
5308 6729
2995 8114
1725 9265
865 5563
6081 9613
1008 6921
1278 9392
724 5630
607 4176
1429 4810
845 7878
7040 9795
2587 3722
38 1869
6630 8342
4593 9818
992 5916
199 5062
1014 2847
1565 3683
3331 4506
3956 4523
3647 3784
2103 6004
5615 7748
769 2878
518 2345
5140 9639
971 4445
6972 7227
5074 8983
5174 7560
4836 6012
1379 4949
1607 7375
4618 7527
1311 1500
1278 6861
3338 7808
1301 8004
266 8038
7096 9339
7511 8160
2908 3691
1329 7689
7168 9874
4200 4725
3883 9325
3815 7529
3674 5533
4118 5072
6906 7499
7160 7822
1743 5274
1860 9852
1876 4372
5209 7757
4377 6163
1406 7486
1119 4477
503 8994
695 1931
2601 8813
1621 4762
3031 3935
866 1371
6420 6962
639 3924
6004 8703
50 1029
3914 6094
4434 7088
969 7448
2212 9793
3944 7900
913 8721
8385 8859
8512 9458
4260 4325
7842 8995
1053 5419
2797 7313
4365 9332
6801 9418
3499 5197
6213 7298
1707 6856
1605 5271
1378 8062
1557 4300
7281 8739
4217 6164
832 3576
944 3027
2165 4244
8622 8945
5193 9099
2173 6527
2270 9159
4691 7158
646 7636
720 4872
506 1375
2050 3175
3406 7173
4525 6651
3910 3928
3643 8555
4988 8274
3203 6158
8264 9194
624 5373
3824 8581
150 487
2702 7744
8531 8923
638 8493
8771 9815
1261 5045
6769 8004
4692 5574
714 3752
1416 5631
2557 7347
3500 9912
1952 9432
2703 5454
363 9226
3668 4043
3229 4513
2687 9843
1175 2094
3008 4132
1612 2745
7942 9012
2831 8137
2903 7286
6188 9685
1916 4321
1871 5671
2143 3707
5222 7975
6107 7483
6466 7878
117 3883
3523 8381
4087 4466
5098 5389
558 5962
1213 9383
7372 7758
4450 7061
370 6941
5317 6335
1099 5110
746 2237
352 5135
207 6394
7897 9525
1785 3308
7509 7546
1815 5737
1298 4222
4758 4927
1170 6698
2527 3566
4063 7424
889 8911
421 3379
425 5420
1580 5038
1157 4787
3696 4603
4859 6574
3446 9451
5429 9573
3097 9607
2204 5041
130 2629
7375 9121
5616 8220
5809 7738
795 9998
6486 9910
4323 9531
201 8755
1310 9008
4352 5987
2172 8892
1892 3040
3912 5724
9085 9829
353 8538
1246 6043
4744 5706
1131 4979
7117 8236
5148 7830
4548 6106
3096 5034
43 3249
44 5907
5076 7364
242 7790
773 2729
1470 1817
3211 9063
6971 9748
2322 5618
1053 1762
2916 6509
1990 9595
389 564
2285 8926
6991 9348
3950 6546
1637 8171
7298 9227
513 9296
3210 9658
1334 4472
5982 6240
3975 8065
2839 7951
2821 4852
1787 3241
25 6910
5375 9672
2551 6811
707 5321
3432 4233
1180 2278
5263 5821
1490 1644
1186 6597
1346 9550
2755 9946
1124 5500
2536 5087
991 3780
209 4474
4459 6150
535 9486
2402 5565
5431 5850
1052 9338
1009 4203
4468 8424
2323 5432
1178 6015
338 7562
1520 9794
1687 7464
4323 9144
4261 6618
2961 8003
2029 2652
1832 3741
476 6541
7383 9983
481 8712
1857 5670
95 7950
2555 4082
7623 9428
2721 8020
4549 8599
522 6138
5701 6302
5066 5486
1303 2978
1650 5757
4633 4873
4195 7212
2099 2349
947 2248
5405 7753
3180 5053
7611 9212
3053 3994
5482 8617
195 1256
1845 2952
3695 4670
5005 7899
4183 8095
269 6756
1514 6696
2201 4235
7905 8705
651 3423
2524 4545
922 5312
2644 7128
5040 6824
745 8466
5327 9137
1065 6959
2552 3693
2746 9954
2476 8968
3187 5100
4376 5282
6451 9256
1242 9502
1866 2335
4086 8820
862 2393
2794 5328
1481 1951
91 6595
2558 6794
501 3776
2116 5227
5477 8045
5671 8780
2251 9520
5086 8479
566 881
1797 7330
3934 9712
5450 5945
1400 5609
2453 2767
1863 6375
5356 7871
750 1161
3978 5111
2833 6689
5470 7266
6745 9741
841 2245
266 8160
5536 8309
5799 9286
6755 7152
700 3957
4283 9010
6611 8209
1112 6552
530 1039
3540 5263
3140 4144
361 9473
6887 8895
3521 8254
1285 6018
2467 7627
2878 9385
2623 9899
409 989
191 5240
7797 7820
2464 3780
8231 9846
4985 8195
135 8345
128 817
1109 1923
6583 9623
6104 6117
1177 6269
3509 4819
926 4169
1317 5269
1260 3692
751 9484
626 8520
5359 7500
2470 9342
6023 6265
7256 8030
1480 3724
554 2988
4453 4687
6062 9501
5199 9680
3453 6155
3241 3376
3844 7813
999 1676
468 5049
1650 9320
1969 3027
2323 9576
158 7187
2988 5626
460 2579
1673 9310
532 9216
1421 1724
1634 4573
2220 8215
2936 6981
999 2316
5525 9870
4786 9030
327 7640
2670 2822
5490 8855
1651 5333
5824 7423
5970 9103
170 7921
5219 5930
7510 9238
2297 7848
6427 7153
7634 9914
3843 4264
3041 8986
3080 4071
653 2458
2415 6935
3678 8390
3142 7023
1778 8194
5042 6265
4428 8041
6374 7250
4421 5228
5316 7427
1731 1750
570 1420
2443 6536
779 6478
317 2954
6825 6893
774 7891
6362 9006
68 6542
1820 5573
6646 8880
3351 6176
7426 9876
115 4026
4857 6203
2441 4704
4679 7048
8101 8558
2445 6817
2917 4964
3652 6009
5100 6776
950 4716
6736 7314
3578 4691
5333 8699
4578 6303
6777 7980
6330 6732
4116 6596
5104 6656
4493 7927
172 6706
2461 9940
4831 6486
3522 9372
7753 8942
6456 7461
1507 5068
4280 7654
309 1904
3170 6288
3911 5463
411 962
4820 5685
6087 9311
3962 7241
4218 9175
3907 5770
3627 9070
2706 7540
7045 9706
2708 9790
2463 7014
3490 7737
6458 9776
3185 4889
647 1506
8025 9091
3177 3875
2122 5094
6263 6480
6309 9239
275 6657
9898 9932
692 2291
168 2062
4092 5981
4331 6336
6753 8722
2230 9786
581 3952
7178 8907
15 5857
5682 9214
1563 4274
5623 7248
3541 7028
5128 6210
4305 4663
3138 4465
42 2708
4765 9107
1625 6529
6001 8099
5115 5517
3364 7044
4290 5441
6363 8488
6806 8348
1853 9253
2040 3885
2992 4517
1360 3513
2420 9775
654 9090
700 5897
7335 9054
6943 7835
4487 6631
3745 5927
2021 6070
6727 8276
2978 3814
9382 9870
7182 7981
3592 5119
3076 8387
1006 7988
1396 9943
3748 9087
7826 8068
573 6960
755 1005
2595 6370
3802 8172
21 1902
2625 6817
702 7814
2120 6907
1395 5888
593 3442
2302 5951
2117 8412
6526 7788
905 8468
2227 8213
205 363
798 7681
5950 8592
3473 5025
1704 6360
440 3063
4955 8369
1553 7544
1027 2868
1461 6441
4462 9785
2408 6330
4476 7048
4935 6100
6864 9302
2353 3738
6305 9184
1636 4554
4016 4815
7127 7604
40 8709
1179 3035
2590 4721
2601 9922
5496 9755
169 6028
3063 8649
5641 9001
2620 4095
4526 6571
9298 9489
929 4143
2254 8234
1663 7363
2027 7143
7003 8954
3211 9236
2407 4909
6658 7392
5123 7098
1716 3028
1630 6005
6786 7754
667 4094
1812 2605
3166 5352
4054 8658
839 9369
9135 9282
9249 9423
4409 9346
17 8824
3600 8461
406 1710
248 1097
2706 5933
2550 4704
3699 6680
2389 7012
3504 5528
3104 3616
1696 9467
6719 7373
4901 7008
1625 1831
1382 1645
2916 6726
3582 7208
2676 4862
317 6808
3948 8049
3387 9330
4532 6576
3913 9641
4885 8085
2971 3783
6566 7385
3539 8057
1335 2370
156 7307
1394 7800
5185 6462
3852 9638
1338 3954
4521 6087
4850 6080
459 5599
4509 7588
1633 2164
6639 8945
444 6702
6527 8943
997 5760
3309 9810
5336 9146
210 7983
3273 6675
4531 6533
3723 4797
3202 7953
610 3065
2607 5936
5160 9155
2552 9256
1875 7534
371 1060
2386 7181
8762 9997
4435 5419
5856 6128
3408 9711
4153 9322
3759 9529
3192 5051
1064 3000
1927 6258
2513 8623
7716 9213
829 3586
2685 4823
2133 9698
334 7416
155 6023
752 4289
4803 7431
728 3445
82 748
1615 3788
30 879
3822 6474
3121 5705
5172 8058
1563 9646
1802 4877
4920 7470
5114 8924
673 2254
1884 9565
401 4822
6143 6638
7188 9150
6038 7698
386 9904
3819 6550
7313 8145
1003 5746
8357 9534
9160 9195
1105 9491
4361 9845
3303 5827
933 8875
4953 7082
5688 8162
4057 9461
8193 9850
1433 7523
4628 7697
6017 6448
3663 8585
197 4826
364 8631
4178 8489
2823 5081
4963 8781
2 9142
6396 8339
4604 9223
9365 9592
3694 8631
5447 8064
5643 9573
9295 9594
2368 5491
237 6979
4623 9744
9154 9204
7331 9385
731 9544
7953 8464
5110 8378
4730 8246
5166 8187
2253 5664
4198 7099
2262 5715
1275 9772
3959 5738
7968 9661
497 2904
8786 8893
1512 2590
642 961
192 1216
2816 6123
4055 7295
176 9789
221 8885
9610 9725
9142 9565
2288 4375
1061 8240
1097 4211
5773 6968
7412 7743
3294 3870
2031 2710
749 4657
1543 5566
2026 8815
1544 4750
1165 9591
9013 9138
188 2144
4177 7647
641 3369
418 3659
17 4204
4876 6792
219 6321
5170 9530
1987 2924
1463 5576
770 8255
7145 8074
259 7119
1252 8033
5149 5550
500 2183
5423 6523
9401 9820
76 5592
6931 8303
1510 7930
4408 9746
4146 5726
7416 8582
1928 4223
1324 5462
3149 3771
1429 8139
6869 9670
3000 7334
2392 6976
3335 6145
2049 9766
3451 4365
2840 3339
686 4222
6169 6276
3782 9635
2430 3197
3030 4749
3107 7690
5322 8539
1672 2340
3037 9021
617 841
1099 9123
2819 3817
1366 7411
808 7359
2232 6873
1990 4812
7203 7858
1412 4829
2530 6675
592 5091
1793 2602
3611 6916
3888 8507
4219 8308
2858 8517
6707 6808
2148 9652
689 1470
2500 5440
1572 9718
4801 6911
8827 9082
392 9222
1801 9602
534 4135
1709 5141
3836 6285
867 3467
556 9066
2679 3057
8520 9630
3625 3641
4843 9074
4912 8298
4071 7751
7686 9488
7210 8205
570 2184
2849 7983
2689 3385
5073 5717
5000 9243
3017 8837
2398 6819
3338 9722
371 9459
3042 3743
4108 4109
6287 7675
5107 6355
3813 4541
582 7499
7498 8628
2472 3251
1878 6066
1860 7143
2116 7760
1683 3282
3774 9209
2910 7318
5874 6679
3851 9014
1522 3025
2764 9062
3916 4956
7940 9929
3839 8492
4504 8334
1094 8760
2333 5669
2053 9304
6684 8048
5778 9215
438 6977
5203 6743
4855 7237
5760 6343
1963 6300
9197 9650
2859 5426
351 9418
5224 8710
3959 8888
3048 3529
2388 3552
2196 3710
2450 8651
4666 8408
161 7381
5831 6291
4475 9339
7720 8408
1733 1803
4981 8059
4378 8683
2856 6551
2637 4667
2535 4123
1287 2272
5813 6341
499 7637
5622 9253
440 7074
278 1708
2096 9433
2141 2300
2879 9785
6238 9147
8393 9566
6480 8039
6492 9297
793 9995
561 5179
1603 5926
8625 8976
1340 6993
2098 7405
4603 5771
1554 8069
5335 7629
5538 7213
3571 9596
2025 2446
1655 3039
6545 9491
3261 9629
3352 9545
2608 7183
7490 8311
2600 5438
5578 8825
1476 4053
1882 9087
471 9792
2703 9853
277 3730
94 8361
708 5227
6370 7942
6376 9919
1966 7384
9569 9747
1859 8494
5038 7587
75 2082
1258 8852
3282 3362
5691 6741
948 6218
859 7172
4942 5901
1465 9841
2643 4665
3394 8844
2996 8981
2619 7869
668 6500
3212 5206
8730 9942
293 4138
8273 9242
642 4018
3674 3679
301 1698
2241 8247
4629 9694
1412 1419
51 6392
134 1557
2634 9906
6810 7543
5354 6431
4735 8120
4028 7818
2595 4073
1104 6114
3386 5990
5117 6221
934 2035
2665 9593
1835 7712
5790 8035
4121 6711
1891 9643
793 2628
2765 6580
2653 7283
3678 4287
1248 6496
1805 9964
3762 7668
5991 6762
1130 4828
5019 5640
2605 4014
2006 9444
1125 2541
757 4757
7061 8672
1183 2571
1476 3991
1970 9658
565 6683
1184 1581
351 8326
2042 5786
1147 6624
1457 7660
2237 4245
1471 6934
2301 8654
7092 8702
1706 2781
5617 9337
9655 9996
1516 7895
506 9130
3969 6253
2177 7739
2086 9255
774 7875
3217 7952
5470 5489
5674 6658
6262 6525
2527 5084
3966 7180
6027 6799
1250 5837
4262 7652
2722 8459
1231 2816
5200 8863
7155 7632
894 5508
1515 9961
6645 7243
133 4567
7389 8479
1162 7267
3272 9728
6314 8377
1651 8022
262 5225
6662 8656
650 3598
384 4189
991 5881
6699 9034
5967 7741
685 912
2914 6072
4772 7765
1334 5740
2043 7489
711 6232
3760 4466
5010 5176
6789 8109
3879 6013
4241 8817
6563 7831
3344 3992
3536 5340
4147 7076
4866 6124
9174 9499
1858 3907
4113 9944
1320 9129
5849 9072
2266 8860
810 4935
2990 7521
2786 5832
5465 6995
4693 8241
598 7581
950 6640
3115 3785
5331 8462
7360 8237
5210 9801
4722 6399
5899 8427
402 6090
1118 7301
1466 2775
1602 3207
7854 8305
2032 8040
8925 9287
2891 8266
8426 8828
299 7552
8850 9683
4794 8368
6295 6339
214 4846
2235 8688
731 6493
6459 7962
4199 9895
7161 9531
1018 8134
2330 4621
1093 7896
6839 8551
8228 9759
2818 9428
3520 7210
2866 8332
1487 5912
2416 4242
5774 9246
217 7493
958 1409
9504 9902
5450 7320
5508 8081
4785 5954
1283 5660
1163 3304
1621 5823
3066 8481
8592 9007
6616 7376
6107 6256
3285 5633
8172 9726
5791 7215
5962 7508
937 8088
1619 9945
1917 8784
1995 4504
4500 5070
5172 9631
6446 7570
2801 6538
5987 7958
4697 8319
1301 7534
1623 7060
6543 8700
4692 6946
3835 9906
3663 7135
7246 7679
1300 5533
8001 8541
930 3215
4863 5029
1915 4627
6090 9600
6189 7326
8063 8208
8397 9812
4537 9723
871 6879
6755 9781
2157 7765
5023 9771
3770 4336
6427 6875
5284 9254
167 1268
262 7299
1081 5980
2963 6226
3974 7945
6516 6649
829 1852
838 2520
1323 4558
3122 7551
6055 9272
1548 3808
2065 5696
5352 9936
8232 9075
1920 4636
831 5501
5256 7977
2783 6913
2017 6351
4219 6007
4149 8642
4051 9782
778 7501
3097 3239
4572 8623
603 3462
349 6166
5806 7127
2055 5063
2950 3396
1829 3199
4010 9392
2720 3075
3420 9778
917 2865
2145 5346
2113 7368
3158 9885
824 5407
48 3892
7853 9404
5345 7857
3195 3687
156 7080
5186 9062
6320 7014
5857 9436
4411 7000
5610 7709
301 1079
354 7492
1782 2417
720 5077
3435 8159
576 4136
24 8990
4196 9208
265 2779
5516 8328
4986 8833
4422 4840
5106 8626
2169 9915
3982 5334
1934 3344
4554 4574
2418 6987
196 4476
174 7016
3215 9584
7933 8394
5162 6293
203 9304
1936 4985
611 8353
3740 9226
5390 5517
4 9065
2929 6342
5933 6142
1135 1348
6765 7740
5426 9793
2528 5759
4914 5102
4046 6841
4765 8085
1469 7605
2070 4207
5643 6744
7684 9117
3123 6403
6716 9475
3868 6955
4440 7059
3491 5205
5497 6379
1150 6929
4171 4204
3450 5155
3005 6765
3187 8019
2079 7004
3290 9984
1442 5674
6310 7066
2221 5890
5492 8869
1239 3181
1508 7868
618 4777
7106 9798
651 4960
275 1981
3414 3686
2955 8648
2664 2815
1757 3106
2874 8211
8009 9664
1786 5131
5527 7736
3074 6377
3710 5274
1245 5753
4033 5890
2556 9691
3921 6312
447 886
8646 9838
3253 8468
2719 4085
8146 8651
1046 5260
8514 9813
2064 9182
2826 7780
6641 7371
2425 5846
386 7050
193 5405
3904 8955
5833 8521
2131 5025
5745 6267
3305 7524
1798 6160
5502 7385
3457 6882
8078 8966
4090 5242
4318 9378
6225 8549
2949 4474
2871 5103
8680 9349
1352 8318
502 2542
179 8820
2176 7453
7947 8711
3604 8401
147 6652
27 8695
6047 9720
4717 9359
425 2084
2271 3863
6607 9780
2205 9032
1448 4550
5 4027
2924 3939
2354 9039
4899 8098
8794 9907
3374 9955
1727 3467
6919 7965
2096 5541
6135 6435
4975 6149
4387 4753
2348 8259
77 6525
7799 8273
925 6849
6666 7060
5488 8032
2493 9088
4915 5208
2665 5436
113 4770
4645 4769
2108 5650
464 7907
1492 5525
6205 8539
1562 8823
3621 7108
3275 5584
7585 9889
405 5462
3915 9797
5959 6308
1810 2292
3349 8683
5750 8663
2481 7506
3567 7969
3603 4045
3306 9715
3862 8431
5314 6838
225 2872
4080 9186
2131 4406
98 485
1073 3136
5575 8866
5739 9767
3365 7577
8758 9950
4789 8805
3345 6592
4805 7890
709 7695
4727 5207
8487 8698
1660 2966
6510 9972
4449 8147
4729 9890
1546 8470
2954 8587
2725 9646
8987 9191
107 6950
5619 7413
3653 6503
2089 9291
5113 6122
8544 8692
4787 7201
3271 4234
4121 8034
7948 8467
1524 4227
6521 8230
4167 4596
6257 9540
2047 2352
2776 7157
2342 9853
8254 9837
2310 9309
2260 4429
6815 9645
6120 6582
3909 6085
1405 6207
683 2259
1148 1374
251 6088
4264 9259
3038 4337
1532 9734
1828 3556
1167 8165
6529 6775
849 3714
608 1349
8605 9708
158 1584
2463 4386
3035 6206
4878 5896
8475 9134
1803 5708
139 3995
7091 9072
7522 9023
5135 8554
6271 8714
767 7204
6479 8142
2124 7794
4254 6022
5632 8764
3874 8486
5620 8913
773 4647
6764 9049
5443 9494
1051 4481
249 4096
342 1198
5030 8337
5108 7861
2936 4998
1903 2994
3636 4742
8724 9352
6513 7827
534 3584
1142 7221
4715 5961
902 9402
2210 6492
1288 8192
5885 7659
8574 9391
3487 4898
4411 8890
8632 8783
1538 3916
2672 3250
914 1141
437 3322
1856 8542
554 8844
2295 6418
860 4626
660 780
3133 7810
3169 6129
1231 6999
2857 6843
7559 8958
1172 1466
5403 9232
1349 8211
2584 9035
4271 5500
3070 6747
2940 9221
1232 8756
4214 8502
8443 9706
1250 7142
2682 9448
1096 5814
7073 9037
5955 6401
1579 4756
6752 8927
505 1008
1653 9352
7027 9562
884 4996
1219 2554
631 1290
5013 6741
8726 9145
5672 6773
3173 8156
153 701
105 9160
369 2758
619 5054
1096 5547
3340 7034
678 1413
598 3764
4524 7492
5524 8615
5861 7232
895 4491
874 7724
5808 6793
5002 7472
1448 4109
3932 5802
964 2021
5295 5431
591 6293
4744 5676
3018 3266
1253 5689
5809 9198
563 1161
3302 6413
3339 7735
4517 9527
527 2777
6400 7440
704 8841
1199 7311
331 5937
1077 6054
2256 5341
6659 8258
8051 9490
1547 6523
1874 5728
6014 8845
1708 4872
3406 5417
5453 6731
6487 8733
4443 9429
4444 8077
6622 8635
2842 6920
3550 4256
1649 1656
1391 3466
555 7033
3879 9695
1007 3735
6114 8150
1451 6711
6074 6853
2366 2622
1378 9817
5467 9094
2510 3012
572 3666
159 7257
398 5376
3787 7960
2766 4745
228 4031
672 5989
5731 6432
906 5221
3525 4646
1359 9213
665 5850
3060 5659
1649 3664
4272 7485
5360 5612
4122 8348
5223 5543
2438 6712
480 5463
1902 2772
38 9191
4900 5551
1953 3056
6544 8482
1892 7869
7535 8849
1362 4649
1612 4519
8220 9406
4932 9845
3448 7658
3268 8589
1814 6113
4957 9201
343 4983
453 7122
3527 6733
3626 6715
4472 8725
2215 4481
3866 6943
76 1997
2547 5511
5329 8991
6535 9540
2887 6349
2060 5241
3286 5665
2674 8622
2832 9358
936 2397
2152 6439
1496 5961
4075 4360
3044 6574
5882 6903
3479 9420
505 5762
1528 7968
4354 7537
7317 9659
1235 2189
2488 3020
1788 3605
4003 7469
6542 8237
3130 5695
3007 9866
2354 7582
264 1759
3049 6970
6641 9288
238 3487
2714 6709
7700 8022
1307 7358
339 4312
5080 8630
3343 5271
1396 4370
1022 2030
2389 5726
178 7352
1984 2841
469 4395
1757 8508
981 4205
1479 1967
2092 2751
5372 7922
3252 9327
1969 8689
2031 5095
7002 8203
3367 7861
3633 4310
1120 5877
657 6118
4505 8454
3991 7784
324 6149
1127 3506
1073 6261
536 1758
409 2539
1587 4764
5719 6531
352 6976
7687 8614
4711 9120
1490 2265
5635 5720
595 2989
6974 7529
2792 3868
6084 7927
5905 9946
3127 6112
1104 2003
398 7669
3164 9421
5021 6714
3559 7325
3813 6173
5448 6234
2993 5571
374 8118
3079 4254
3450 8558
4438 8527
5873 8163
656 1240
3590 8875
5577 9441
5788 7619
7851 9954
276 279
2785 8325
2532 9863
1281 2892
4527 9365
3337 3528
3377 7805
4202 6256
112 1070
1662 3953
4268 9587
4553 6297
7768 8686
5264 6250
2280 5125
1555 8288
3380 9816
4287 8599
1369 5835
5725 9804
4208 4715
2175 7939
7601 7979
443 916
252 8547
1238 3825
5968 9698
7204 9581
3068 9175
1048 5844
6136 7355
1865 9632
137 7992
5854 9097
5651 6882
8484 9508
6625 9099
1170 9303
1408 3471
5719 6562
6423 6482
1642 2568
1137 3746
666 3176
1388 8940
4380 8178
4729 7645
4390 9235
3634 6199
3887 6421
5003 8082
1510 6467
4340 5546
2341 4783
14 1392
6668 6771
2209 3045
4902 7130
4022 5994
7882 8014
6108 9224
3172 7686
6965 9512
1135 5235
1483 5729
3466 4566
1453 7646
6690 8006
4451 9146
7428 9417
410 2512
948 8840
473 3505
1452 8235
281 9749
2098 7995
1686 7517
2684 3130
4435 9457
1149 6609
5964 7465
5248 7404
3951 7185
1996 6874
1138 2980
7781 9537
2803 9257
3589 7747
529 7523
4899 7230
3688 5586
5732 6465
99 6573
7866 8207
5079 9730
4174 9151
5111 8757
1945 9026
3147 3559
762 2594
1025 9288
346 2870
4967 7616
1953 9626
846 7746
930 1889
1219 5428
1838 7489
5230 9514
2344 2868
3799 6378
826 7617
758 7394
659 1989
390 9207
2856 5494
7771 9626
3399 6233
3356 5245
2828 7031
2404 2582
4330 9419
6284 8889
4805 8081
3908 7610
3638 8774
6705 9022
4091 9076
5485 7986
3205 5703
7175 7455
722 6470
8982 9620
2602 9436
5220 7638
4425 8843
7538 8922
1530 5673
3216 5537
2739 3890
2395 2898
1153 3144
9180 9959
5171 8644
1182 9395
1938 4020
5 869
3712 8567
1895 8828
742 3852
8152 8446
8637 9662
782 7836
3689 7449
4566 6809
3321 7628
4770 5250
4163 5029
851 9924
1131 2728
438 2953
2056 7417
1743 7888
5738 8247
466 2183
888 6654
2490 4512
1370 4695
2517 4759
5008 8415
3379 9444
1332 2305
740 6605
3654 8919
8377 8604
2713 4419
5770 8702
1365 4709
1351 7844
5095 8809
8538 9916
224 9011
486 7041
643 5065
2640 9127
4283 4950
5217 7056
3005 7283
4614 5600
5418 5549
5147 6247
1850 7172
2545 5010
3125 5572
1909 5270
8976 9036
411 1030
2692 6519
5259 8043
1859 1880
270 6438
243 2202
701 2246
3151 8191
982 2670
4960 9452
5360 8947
3659 8380
541 7481
2256 3734
7622 8313
3159 7137
4404 9557
2453 5347
7364 9089
4871 6539
6493 9825
4847 8070
2938 3157
6056 8689
3612 6784
6181 7093
3507 4265
4230 6420
2675 6736
1404 5848
928 4126
2777 7279
1780 9236
8515 8607
1184 1314
5233 9314
2762 3148
256 9548
1450 4521
3903 4734
6381 9481
1675 7156
4301 5556
7726 8908
110 7260
3579 5828
6006 6778
1383 9331
551 2263
3249 5286
292 9871
5273 6537
3613 7824
1690 2523
1955 3814
8210 8942
1215 6978
7263 8511
5346 6944
5468 7231
7068 9938
4707 8704
1261 5660
5505 5898
7252 7770
2196 7699
5552 8867
5547 9234
528 1825
138 6803
1439 6294
1516 7382
1141 3475
2920 8278
1202 8809
3504 8763
6655 8824
5392 6237
721 1960
484 6376
4510 9560
1308 9549
255 8816
3068 8762
470 2412
2491 9629
7442 8269
688 3152
4232 8336
3855 4561
3325 4069
1432 5901
1882 6210
3976 9503
247 2556
2484 8963
3930 9282
321 4207
8324 9314
2265 6963
92 8061
898 7402
2863 5858
312 6746
2033 3519
8317 8687
5521 6803
5657 9863
3667 3690
5935 8241
6784 7925
4181 9513
1609 3052
552 3840
7996 8644
6007 8962
6408 7745
6283 8858
6160 8993
198 8495
5262 6309
1697 3330
2431 7797
803 2855
1793 9069
2282 8598
1723 2581
474 9476
7833 8374
120 2175
8956 9268
2300 3799
3889 6241
4444 7644
422 1979
804 8716
3920 8735
3397 5157
2069 9805
5598 5790
5539 8754
18 1447
794 3310
6998 7258
7781 7850
250 7237
9196 9699
4420 8405
1488 6092
3058 3161
7159 9469
4833 5506
1918 6177
4798 7769
219 9601
3494 7123
4461 7248
5413 9050
5155 7727
1037 3736
5988 7987
3712 7929
3184 4059
661 1156
280 9901
1836 5861
3864 7089
1851 7664
2565 5792
583 7784
1971 7402
1813 5663
6687 8570
1745 7189
5118 6311
1098 4477
5783 5836
1417 1919
1657 5049
6539 7928
5827 6076
182 815
4124 9672
4589 6317
757 7441
6898 9139
5749 7006
981 8297
4646 4767
3059 3415
900 7850
6596 9489
4 2127
2874 7669
2118 6651
2779 3248
5620 6893
2700 9701
1699 2979
454 9128
5305 6255
5337 9229
756 4485
3226 9830
2945 5624
1842 7308
2133 8163
35 6504
1347 9152
1204 8782
4720 8248
8777 9613
2422 2459
483 3967
3757 6410
6734 8640
2180 4142
1080 8609
605 3084
589 7465
7715 8427
2744 8314
3827 6306
6800 9143
2276 8097
6550 8690
4551 6183
1845 2583
6674 9036
3800 8392
2620 3646
1089 1517
3648 6722
2235 9921
3357 5661
5022 7073
969 2347
2544 5088
3443 7306
4187 9394
690 993
142 1641
4953 8496
3495 9640
4314 9296
4099 9886
2009 3895
1588 4083
44 1191
4012 7860
78 8769
5691 7182
154 7085
366 7877
3720 7761
490 1933
587 3374
6621 9724
257 9000
8903 9505
4756 4958
5818 8792
2445 5236
8343 8853
4005 7619
7727 8790
305 1276
8808 9330
5055 6204
3575 7256
1189 8483
1088 9751
1930 3497
1029 3427
4139 9345
5572 7125
3769 5985
1351 3542
1114 4772
2439 4186
3201 8600
4800 6073
72 2636
828 1695
573 9200
2526 4074
3111 4328
2976 8679
3155 9674
8360 8865
3055 9044
5417 9928
7308 8535
3642 5788
830 2456
2799 4659
3645 7701
3092 8300
4255 9241
2930 8789
8379 8985
3502 9796
3742 6157
2011 9872
7409 8171
3313 8312
1604 4652
6751 8578
4900 5675
5998 9294
2714 8079
3966 7599
837 2396
938 8457
4433 9212
5225 8201
910 3549
6838 9569
6477 7683
2240 3421
560 5442
1019 7023
3786 6066
3055 9598
5764 9503
2238 9260
1192 4879
4155 5648
5825 6747
7038 9287
233 6564
8153 9894
7433 9692
2545 4785
2229 6367
516 5849
6833 8987
1723 4777
2915 9968
264 4409
1445 1679
4629 5886
1744 7236
3390 8743
3110 9606
2914 5584
5309 6098
7206 7515
1880 3573
984 2579
3542 6200
3662 9543
644 5823
428 3113
3390 9033
2698 3432
3574 7326
445 8086
2897 7495
645 4661
702 3655
9731 9784
5433 7277
2523 3385
4277 9388
910 9776
5034 6196
619 4286
181 8422
4275 5559
2732 9067
8340 9930
3100 4052
2321 4239
5300 8586
5559 7809
2281 9777
5156 6117
6187 6790
7387 7857
3281 9157
3210 8234
807 7361
1595 5937
2048 4710
5097 5731
6021 8984
6613 9178
1688 1818
1206 6966
7449 9667
121 8179
6704 6794
622 9040
6931 9935
353 8829
6250 8359
2479 5694
1582 4328
456 5449
4127 9597
366 8904
6559 9887
2691 5870
2943 6326
6805 9690
2465 3709
5523 6290
2141 8295
4675 6790
4674 7422
6494 7867
11 8931
4451 7931
2666 7240
3434 7941
7800 8365
3871 5017
830 3936
1503 7167
3102 9042
9368 9978
4257 7734
6954 9688
897 7271
4298 9948
3108 6584
3 1169
3460 7890
4269 6063
362 7851
7209 8866
4653 6920
3112 5583
4141 5816
846 6840
3656 3729
356 9547
4746 5819
7460 7471
2101 7139
153 8792
1786 8519
305 9694
4129 7698
5814 7390
525 3913
4014 5529
1391 9963
397 5556
2687 7015
8500 9028
5724 5733
1601 4099
5941 8127
5893 9485
5016 5239
6820 8842
3988 7674
5378 6972
4540 5721
3880 9456
7076 8250
542 3790
1361 1474
109 4299
446 4339
1509 3533
677 5707
2123 4226
1668 8452
177 9670
8436 8642
3445 9275
2077 4278
1325 7815
3228 6632
6424 7631
4097 4824
6775 8110
7879 9561
4028 9578
2965 3896
4209 6275
2642 7027
1088 7467
5904 8073
7856 9678
7053 8839
8133 8816
5980 7353
817 6602
1941 9113
1066 1341
1633 5513
3443 9225
35 9336
1955 4825
3387 9222
5137 8580
2038 4656
180 6927
2603 9759
335 6791
3084 4455
2424 6704
6431 9915
8370 9984
488 3686
8323 8896
8711 8739
942 4102
1753 4081
2933 6418
4977 5460
2832 7767
3089 9063
2285 5607
3032 4279
1881 5587
2932 6042
4396 4569
3553 5956
6973 7597
3763 4096
30 9552
2929 8462
1816 6902
876 5864
5188 8135
4541 6891
4755 9029
880 6334
1608 4470
5298 7031
3751 8546
6661 9500
2299 5634
4833 5152
5312 6847
681 7272
3405 6758
5939 8072
2516 4695
4492 5368
8157 9638
464 8741
4500 7028
946 1407
2763 9539
540 3669
5429 8239
6603 9463
1229 9093
7280 7954
786 6219
2561 6496
2137 2360
3960 4628
7043 9617
560 3810
768 6763
524 6247
1106 2028
3389 9689
2037 3602
885 3769
5936 9864
8110 8299
287 8049
6863 8916
2574 6273
4220 7730
2231 3609
5074 6064
4971 5194
2078 5817
3258 3315
3634 7957
5968 6445
4856 5439
1339 4907
8322 9677
4631 6059
4651 6243
5132 9713
5371 7982
2080 7243
1164 2206
3225 4978
7178 9217
3685 9605
5232 8522
6946 8183
3899 8217
1648 4119
130 3439
4682 5651
1495 5184
7170 8915
822 8648
365 5112
2585 5680
2201 4655
915 4993
508 8761
2641 9659
7889 9341
5215 6663
4782 5270
4216 7013
3503 6832
60 8738
2366 6229
1788 2380
8656 9717
4225 8924
9121 9245
2734 5189
5059 9505
4539 7862
2263 3676
1961 6324
8584 8796
3756 4432
7360 7864
2221 5879
1844 3677
2931 2944
2566 5750
1519 8278
5493 8135
1712 3681
5646 8187
4403 7065
1732 5512
2178 2890
5800 8621
4762 6185
2059 8497
331 523
4308 5357
3279 5880
7923 9933
2977 9570
3336 6048
1734 6715
5266 5497
1629 9376
3987 4170
4185 5759
5591 7473
3342 3768
1191 1640
1464 5215
3836 8611
2284 3350
1735 4428
4133 5119
2902 9086
5289 6077
801 4795
5102 9018
1014 1600
1804 2074
766 3508
875 3204
1345 4030
6183 7150
3775 6779
3461 7518
6506 7798
1518 4896
4555 6188
2879 6614
588 8253
8096 8455
5048 9374
2152 3296
2135 8643
6739 7873
2768 5921
1417 4887
3943 6052
3220 7084
5395 5649
1102 5544
3750 5086
6578 6809
4712 8413
7722 8664
2956 6165
6530 7580
697 8023
7008 8922
4929 5843
55 9901
1545 4622
6488 7145
548 2281
3311 8262
3831 6553
1863 6834
6862 7064
1139 2680
780 7974
5218 8898
514 5612
6342 9338
223 6603
2069 4182
4291 8142
6024 9897
1760 9158
6620 9311
4798 7330
6738 8851
2011 2894
312 5511
1544 4542
1418 2939
905 931
2507 6614
5498 7969
6984 9836
3589 9041
6879 9883
1987 4244
3223 6179
8055 8805
6834 9482
2964 4275
5133 9354
1800 3350
5083 9456
227 2718
7245 8753
486 5367
84 1062
634 3523
4029 8252
2735 9680
5555 9168
2791 5951
6665 9924
2658 5414
5966 8716
6484 6915
8798 9476
1821 6569
7451 7828
1056 4059
2443 6914
1937 8628
2814 8227
3964 4810
2144 9009
86 7376
2412 5867
6369 9183
4775 7720
3168 3628
1103 6153
498 2439
7634 8909
791 2496
410 1273
520 7863
5711 6895
558 8443
3255 8411
3180 4441
6617 7052
3816 7468
614 5753
400 7062
1841 4589
4434 6630
4752 6147
5121 6535
3157 8329
1140 2469
2960 3023
22 1050
1534 6637
7776 9442
870 9190
7401 9260
3962 4556
3199 8892
1333 2521
1584 6728
5027 9026
5576 6310
1549 8449
1465 3307
3546 8573
1844 4994
5698 7452
4950 7542
102 4904
9032 9274
1468 4859
2127 8143
9368 9765
452 5992
7075 9496
1116 3876
680 864
1266 4966
729 3981
402 2257
2423 3665
2088 6400
8243 8862
519 821
6619 7316
1393 4529
1741 3834
1128 4871
308 6482
657 4202
9860 9972
2654 7663
655 9373
135 3277
927 9865
2198 6667
3361 7852
6992 8840
2586 4130
428 2486
2397 7972
4454 8679
4248 7144
5146 8181
2312 2771
5579 8601
2610 3022
3832 7110
1972 9083
9185 9903
7521 8878
3213 6552
2055 3020
441 8175
1398 6822
1003 2182
2747 5159
5249 9693
1653 6372
734 4032
5075 7396
3256 8927
4613 9044
2290 6211
1199 2362
611 6241
3596 4875
1608 5808
4135 8352
1004 6988
6926 9538
730 6782
6768 6870
8768 9291
6489 6719
6901 9371
823 7018
2220 5138
1105 8103
7242 8384
2663 9299
2575 5752
2730 5530
4830 5231
2517 6454
1639 6813
2820 5772
4250 5041
1467 1819
6867 8906
3421 8041
1520 3111
5997 7487
1154 5194
1854 3317
2147 5589
473 5903
2784 9625
2673 6238
809 7795
2301 6940
5066 6502
596 6858
1771 6353
7056 9881
4596 8823
3312 6665
2573 9637
608 9976
2809 4326
7841 9413
2531 3423
7999 8543
326 8726
1049 8864
7087 7436
2568 3226
1482 7892
3758 6522
1329 3940
6348 6586
4375 4448
8182 9633
3360 5599
2000 5140
6600 7262
3246 3938
1645 2883
1576 5240
4694 9962
1604 3857
9389 9454
8946 9937
1062 7546
4651 9899
6626 7388
2884 5638
115 4931
3794 3860
1715 6091
1411 8977
5231 6106
3503 8530
7312 8655
6900 8218
4001 8743
8051 8307
5221 6368
2426 6933
3637 5972
7974 9186
4797 7793
1380 6209
3025 7673
4648 8476
3566 7077
5798 9349
3578 8095
5011 6426
615 5601
1811 3700
3393 3526
3316 9267
2761 4238
4738 6345
2222 4188
1675 3269
896 9185
6006 6234
2900 5828
7984 9561
333 3917
693 1358
6029 8464
3422 5868
2790 9989
5501 8366
1217 5330
8860 9796
2349 2462
1471 3029
1637 1910
2630 3208
3753 6945
2315 2540
6476 8610
9708 9840
3624 3886
3410 4327
245 480
7733 7872
4076 6390
2130 7840
7414 9316
4049 4127
5637 6286
584 9361
5855 7545
3449 9512
3098 8194
4049 5977
586 4648
946 2644
2 5237
2618 2663
4026 5829
4258 7843
1984 3502
834 1284
1058 1486
1376 7735
496 7445
3392 7159
3315 6880
2072 3869
4093 7736
499 8667
3718 8214
2726 3468
192 7533
2870 6647
4179 5348
4485 9904
1002 8943
2807 6628
4719 7711
4498 9874
5769 8169
735 3708
6093 9621
4605 6957
1033 3649
95 2473
2698 3021
1804 4639
1266 4918
6368 6818
1450 5507
796 6261
543 5663
6159 8176
204 788
5894 7610
288 3644
67 6469
6094 8055
1215 7778
2244 6443
932 6581
496 5913
39 892
6835 8150
7885 9134
3062 5560
5588 9248
547 4416
478 3617
2371 6718
6141 9558
7425 9602
8200 9834
883 1970
1319 7826
4999 6796
3706 8810
3006 3956
4320 5201
1220 1343
2688 6363
2896 6691
6088 6585
5821 8938
8398 9630
591 7090
4064 9568
169 1204
6519 9119
1221 7893
3052 8102
1564 5399
1434 5796
7274 9474
3614 9803
3786 6239
5818 5860
2226 7084
3722 5868
3300 5281
1260 3568
1401 8105
5427 7058
8956 9585
2279 4708
413 6186
3280 7858
5865 8409
3228 5374
1939 8418
6708 8877
4615 8951
1075 4637
1494 4869
6491 7050
6278 9499
3093 7614
3537 8708
408 6761
4674 8083
1158 2158
5694 7318
408 3846
949 6872
4297 7226
2968 8030
8260 8267
2020 2583
4089 4518
4581 8112
839 8639
2452 9971
3353 9762
2927 6416
3335 7193
92 1509
2156 5914
857 3672
6627 7590
680 4406
3404 9987
8272 8330
47 615
5326 8183
2651 4337
1089 6513
729 5387
843 2356
7121 9438
970 5971
1594 5661
7346 9671
2174 9907
3143 9910
6101 7373
177 6636
6757 8318
1458 1764
2250 2559
726 6500
1888 8930
835 6408
4103 8791
3382 4461
1706 8441
5963 8564
553 8590
3514 5017
6216 7319
5577 7777
3899 4832
6254 7728
1319 9567
4482 7273
4968 5345
8012 9832
461 4436
2724 7684
3235 5000
2536 3961
6983 8252
7245 9905
3656 4973
1669 7447
3244 9510
1332 7477
685 8425
6124 8590
32 8980
777 6663
2423 3032
1726 8331
1924 8029
2228 6425
5035 5134
2637 9970
4437 7261
6017 6050
2596 3987
7383 9173
3194 5885
1536 9359
2276 9575
8395 9267
1090 9849
5039 5847
328 2976
861 7255
5921 7391
5291 8900
2160 5265
253 8510
9308 9354
6443 9169
2240 2844
3297 4412
354 8052
5464 6024
2179 5641
2998 6046
3595 6417
5018 9862
5999 9830
5716 9709
1552 5527
1011 4305
7016 7517
3902 8577
2329 5488
1385 4873
621 6716
902 9556
3009 3437
1886 6740
3525 5953
3809 6961
233 8381
392 7805
3001 8532
693 8620
5938 8543
4075 6805
416 1905
2163 7947
119 891
3440 8554
3363 5116
1190 4140
953 7732
2154 6682
1087 8391
1010 4919
6746 8463
7689 8213
1539 9080
4571 4867
1246 3684
190 7458
20 8556
327 3728
3250 4775
3817 5334
2167 8850
4482 5798
183 4501
6455 7829
1210 5022
46 4834
2013 5582
474 9945
4895 6047
987 1049
2146 3478
7039 9880
29 4272
449 3684
3728 3867
3781 4588
2967 8501
127 582
6297 6576
9666 9764
6382 9445
8389 8477
2474 5856
2372 7494
2418 9477
1918 4105
6452 7154
6601 9744
1477 9119
1428 9986
229 8128
2282 9429
2239 9997
2377 7251
730 7785
5396 9678
1442 9148
5168 6082
3437 3805
403 1151
2729 9022
3246 5983
377 487
212 691
618 9851
7707 9764
3090 7912
6762 9362
6415 8865
7844 8856
966 3673
1999 9704
467 3292
528 4580
7055 8409
1415 9616
3496 8585
261 2951
4668 5377
1870 2941
9101 9982
2711 6406
8999 9498
3333 7970
7322 9523
6287 7327
7512 9869
1525 7632
4347 9220
3413 8559
5446 7246
8315 8525
6767 7286
1617 3854
4083 9729
1867 9285
170 9300
2941 5447
3263 3289
2681 5754
696 8126
1954 4414
4885 6314
5590 8556
1717 5958
723 2483
5667 8596
530 1371
3822 4624
4958 6922
3115 6910
1932 5504
5877 6556
407 482
6396 7195
1031 7954
5755 8281
585 7498
2161 5058
3403 7768
5377 8639
1998 9403
5895 6996
240 4458
77 9480
2498 4335
8126 9357
7261 8066
1597 1632
1567 8569
413 1890
3218 6433
4731 7397
1158 2242
3401 3448
3446 6063
3882 7809
403 1227
2115 9852
3658 8574
6110 7598
1872 3242
5061 6000
234 9760
6877 6937
2585 7571
1072 9726
767 2639
383 868
278 6369
4107 7940
435 7038
1619 8116
907 9002
32 7105
6594 9372
604 6387
357 1111
1959 5451
7422 7636
6046 6280
1384 1824
8862 9207
129 5453
2048 5713
2550 9178
6220 8207
2904 5918
833 5734
2641 9740
7331 8996
5974 9164
4483 6239
1889 2379
2473 7938
4573 6112
126 2695
1136 1818
1568 6753
3854 4468
2570 8765
7368 8670
8529 9067
3416 8784
5815 7020
2119 8056
985 5190
669 6111
3174 5544
1499 6205
6766 9504
2635 7132
4080 6645
3734 9908
1940 6685
3561 7247
4098 8833
9156 9273
2424 4607
995 7932
3579 6388
4852 4951
5411 7324
5785 9139
1988 7021
3647 4108
1176 9696
458 2935
284 2012
5878 7441
271 1296
1795 1881
7783 9380
1666 5710
4893 9651
2373 8269
1305 2277
3118 7995
2280 9839
3154 6483
59 2947
2980 9426
7533 9136
4839 6030
3087 6142
69 9409
289 4597
7114 7555
5043 7025
2289 8350
3518 7558
1010 4398
2973 3489
2081 9814
2638 7678
1704 9697
5123 5564
3726 7718
1249 9204
1394 3395
6425 9227
6562 9966
8251 8998
1668 4023
2384 9130
760 1031
7685 8680
2837 3596
1897 9159
2684 3240
7289 8657
3515 6806
3757 6446
489 2452
2232 7839
97 8733
2760 7581
1996 4846
7036 7596
6591 7276
4698 8938
6223 6890
1386 1826
5132 9426
4007 5068
918 1047
1446 9812
3117 3292
4187 7986
6644 8754
4189 5275
36 4048
2686 4650
7268 8836
273 2023
4206 6902
104 7297
4766 8873
975 2875
2896 8822
1387 8505
4397 6294
1447 4588
5595 9080
5028 5807
3366 6060
4310 7672
154 4169
8736 9336
6263 6767
4853 7477
453 3554
2715 6013
2611 2817
2671 3716
183 3972
6337 9151
4313 9131
1630 5096
3377 3975
3795 7758
5684 9435
739 5756
298 1054
9422 9993
4343 4918
1919 8551
8362 8406
6869 9942
624 2340
3773 7688
1177 9750
1701 4217
3217 9682
2774 7265
4746 5846
1037 4621
4093 5264
6588 8822
2293 5090
7542 9745
439 2028
2455 8444
1505 6233
4142 8774
3747 5085
3398 4515
1728 9332
4432 5628
5224 9441
3519 4420
2884 8008
1264 7190
5015 5233
6932 9543
6061 7247
1302 4452
6321 7475
3297 5247
5896 6146
3427 7589
8226 9334
580 4460
3333 6384
9273 9582
820 3929
6854 7089
2286 2571
7691 8292
1043 4402
3053 6134
5561 8388
3179 9515
4987 6673
2403 9414
6475 8937
7146 9431
1491 5586
8229 9412
1733 4524
2192 8668
497 1676
8654 9970
5181 7938
4386 5075
303 2182
2375 4446
3109 9990
3797 8001
2494 7734
863 3902
7903 8364
3622 7207
967 7279
9059 9800
138 4669
7550 7955
3433 5949
2616 7703
2659 8676
1209 8315
5907 7908
6031 7599
4619 6034
1181 9435
1595 6473
5056 5137
644 8363
975 5989
1336 3583
297 9751
7653 8779
679 4555
45 5082
5978 6947
5260 8568
1781 4469
636 5124
4662 6586
768 4763
2273 4230
296 7922
3515 7705
6563 6781
2569 8537
3012 8119
3703 9492
2615 9676
3584 9289
2799 8767
2513 5077
8971 9158
5888 8204
4224 7798
7017 7389
1502 8810
6373 9302
6781 6796
938 5845
786 3606
4401 5710
2695 6701
2972 3650
1325 9393
2546 4793
2142 4240
5359 8268
3034 3462
4267 6184
1178 8559
88 3407
461 5141
4052 6340
6604 7192
1038 1570
2622 9161
669 7496
1585 3304
8471 9387
1898 7035
972 9965
421 1981
531 5839
3843 7263
329 3311
4607 8966
5970 8024
2537 9650
944 6894
9888 9971
3479 6864
455 6212
3078 7166
5164 7042
2861 5609
318 7660
5208 6678
2796 3172
8042 9607
3309 6351
415 9057
4011 4147
6156 7659
7443 9013
332 9625
5381 5683
7362 8145
2910 9825
5749 9891
1826 4342
3489 5382
1258 8720
3274 7876
4417 8741
6731 7646
7103 8394
1905 4656
744 4353
2034 9105
7266 7950
2365 8319
1639 6528
5413 9735
1146 6688
7710 9312
5640 7679
6772 8742
8433 9749
395 2035
3124 7486
4743 6026
578 6252
4389 5847
8504 8803
3380 9335
7566 9827
7513 8589
4285 8506
347 8514
2991 6016
3823 6329
5991 7949
3719 7764
124 960
5008 6172
834 996
310 3821
3327 9497
7845 9578
2448 9622
4869 7281
670 2888
2692 4933
313 6522
4058 8227
185 7729
3690 6528
5151 9857
4740 6455
898 2195
2258 3248
6829 6868
1275 2223
15 6271
2964 8964
4344 8561
1171 6548
1824 9604
63 4130
3434 4761
6691 8536
2022 9149
394 9840
2433 4910
6331 6357
5134 5597
2258 9417
5836 8117
4892 7012
2037 3599
1622 8380
4447 9763
2327 8384
3078 3983
718 2288
2360 5055
437 4165
2219 2773
1705 9286
7327 9153
289 6068
1894 9533
7609 8818
4990 6664
4227 7409
7603 9318
5480 8355
43 2948
3900 4986
4436 6192
4811 6770
5601 6253
3593 9736
5023 8013
326 9978
2125 2135
7595 8986
8802 9856
375 4630
2150 2347
1243 1626
893 4813
1020 7575
3219 5812
1016 7024
4808 7022
2906 6989
1263 9373
3088 4201
492 8692
1927 6227
541 9873
637 8222
6798 7481
5458 9326
224 3809
6785 8061
240 5723
5979 6115
593 4652
185 1020
1800 7579
81 4148
4183 4688
7341 9108
6990 9434
7909 8338
4066 9736
2427 3206
5626 8796
3451 9786
6317 6338
3067 6061
2059 3998
4261 6113
2429 4513
899 2171
677 7513
1013 3066
5521 7071
5939 9231
3922 6639
2871 4382
4210 8198
6485 6801
816 4256
4309 4807
3126 5990
6905 9055
2411 7137
2662 6631
2562 8378
4211 7288
3482 8997
8337 9228
1299 6925
1839 7075
1279 5435
4351 5213
3763 6760
2958 5909
5925 8181
1389 9536
3725 7885
6692 6845
6521 9752
3267 5737
5928 8737
3945 6683
427 9141
1618 5875
2406 9034
2633 9318
8382 9462
5272 6827
3754 8118
1605 8099
323 6285
2104 8345
8460 9478
1886 7154
5386 5963
1254 2066
2073 9510
1143 9913
2102 7063
292 6862
7461 7470
1947 3858
8411 9568
3689 4528
389 4439
4456 5742
5865 6678
432 4208
8677 9574
4536 9379
682 5167
4612 7282
4507 7200
4972 8735
1978 2907
3135 6325
1460 1925
5510 8718
629 1188
7292 8439
665 9297
6647 8148
2404 5977
2077 7434
1817 9009
4584 6534
3186 5457
831 7985
3724 4910
3871 7223
6687 8458
1203 2683
1061 9490
2419 8821
2427 8825
959 2399
2264 2326
1915 7988
4329 9725
1778 4177
2267 6327
1629 7620
7349 8880
1779 3981
9088 9184
1005 8710
571 5165
3196 4368
6383 6737
3243 3532
3534 9038
2350 4851
3257 3586
423 8695
142 2275
2983 3906
690 7340
110 5456
7639 9176
2938 5771
6582 7694
1201 3312
775 5126
3630 9553
3054 8587
3730 5018
6 6272
4415 4516
3408 6802
2882 4966
8484 8800
3671 7728
3042 6872
686 8044
3122 4868
4965 7621
3556 5668
1095 6242
4229 5256
3081 7107
1937 2020
2671 5408
3980 5984
1888 2922
5892 7700
1159 2839
2661 7344
4134 9941
5889 9073
1526 7207
4557 5632
4719 9699
2607 8444
2795 9831
1713 9642
2567 7657
6214 9958
7131 9055
2111 2794
823 1598
492 5192
2090 8769
2653 2999
422 574
6352 7884
3993 5923
5482 5974
2945 4463
1397 4433
7921 9827
4976 8861
2697 3636
2387 3497
8423 9968
8534 9415
2733 9205
675 4184
2493 4394
140 3212
4250 6426
4731 7514
1524 8633
4870 7984
2504 3666
3181 3818
2001 3673
4979 5721
4743 5042
1748 2038
4056 9344
6894 7918
8058 8952
7746 8638
190 7774
640 6015
5943 6944
1146 8979
3384 4129
3161 7399
6618 7999
781 4706
6356 8681
2041 8115
1235 5109
8306 8653
1028 9800
2358 5175
2681 5512
7497 7941
2774 8329
4583 7773
1840 1965
521 1343
6646 9930
8173 9799
4185 7435
2609 5764
2857 9656
7 3271
918 5297
3136 5655
12 2783
4063 9599
3616 8190
6182 9105
2788 4002
3191 5251
6397 7731
1935 7952
585 4728
3605 5315
4050 8265
1698 5503
1091 5484
972 9857
103 5518
3878 7807
4866 5507
1382 6445
4961 8188
217 8275
6633 8033
655 9528
4816 6786
166 8503
3323 9255
6268 9873
1829 3946
272 4091
2302 8292
7011 8544
3238 5299
4039 4922
2762 8578
7155 7957
7181 7951
5374 7536
3189 5843
1304 8000
3290 7390
1932 7996
567 6292
798 2401
4547 7710
3692 8256
6934 7894
3120 4506
1409 5069
6243 7717
1245 2851
6037 8798
7438 8435
7114 7643
6558 7203
1480 5588
826 3945
1942 5903
7779 8423
3996 6899
220 2917
6795 8404
5767 6973
6694 8014
1399 5339
7915 8196
5526 9407
1660 9842
533 8054
3480 3985
2645 5080
1774 4643
2950 5391
6701 9479
338 819
3969 4934
2293 8396
6516 8264
797 1468
5267 6148
857 2521
3851 5046
2168 5161
6326 7904
850 5789
2908 8306
3418 4753
2405 8229
37 9401
1154 1973
4334 7943
1909 4832
3 9114
405 7254
3318 8849
4092 7070
8048 9996
1577 8770
1308 7363
1571 8775
3867 7346
3733 4861
4938 7293
5355 6043
7414 8209
1205 7887
282 1738
3424 8799
1313 9957
1833 3163
3696 8480
3143 9203
2759 6967
53 6544
3660 7757
1549 3296
3553 9453
433 7388
336 8275
299 4508
3581 6789
4811 7944
592 3131
873 3194
6438 6600
1572 6402
2873 9122
8147 8456
9608 9871
4928 8641
1438 7594
1985 5780
7099 9271
6918 9862
2010 9854
6022 7655
2616 7356
439 2193
2218 3698
4995 7514
4270 6868
3776 6336
3129 7565
1036 6377
2178 4452
1514 9353
267 8523
888 7948
681 6105
5342 6679
5747 9120
5335 6470
2161 5400
16 1911
4916 9056
6560 8018
3145 7859
725 8737
5746 7105
166 8928
1225 6110
3283 8023
2159 3391
6203 7920
6608 7898
4171 9696
2543 4615
688 9967
244 6757
604 7225
3812 6634
1009 4684
2212 8691
3585 7317
2935 8974
4681 7032
4306 7763
652 2584
50 4188
68 543
1718 7238
6564 9037
7894 9903
3740 3932
1223 8353
4002 8565
2046 2769
283 8533
5325 9383
3540 3657
2104 2324
6208 7725
3569 6045
8062 8575
198 1964
2667 9461
5384 9284
7035 9074
3522 7216
7553 8615
852 2338
1571 9163
8074 8504
5027 9861
1747 2937
3422 5893
2503 2863
1652 2753
2538 7381
2109 5013
1941 7532
2283 5337
6097 8688
2880 6883
3137 3731
7063 8309
8043 9994
847 3778
3934 8438
7094 8854
571 7649
659 4516
5589 6301
920 2704
6389 7967
4008 7596
2723 3381
3555 7819
6922 7756
6598 8182
6186 9361
1689 7342
315 9316
710 7094
2803 6859
1107 7504
3797 8905
4792 9729
5290 8164
1616 4067
3334 9788
3388 8499
866 5157
2044 9580
8560 9675
692 1558
3955 7817
2353 4355
802 8681
8215 9589
2321 3300
1314 9511
5602 8498
6440 6852
51 5727
136 544
6518 7194
3262 9085
7067 9608
989 8562
1130 8786
6842 8595
1593 4661
1386 9775
2024 3470
9155 9272
1315 8015
2804 9563
6749 7859
445 9534
8316 8499
1561 9172
1974 3190
5057 5328
2506 8152
5012 6245
2225 7617
1185 8140
1416 5686
443 3367
1443 3476
5207 9686
6151 7025
2089 4701
3209 8249
2999 7580
460 9147
8494 9679
1896 5189
3087 8413
1426 6706
7625 7751
3720 9832
7444 8931
2305 5973
4676 9716
5474 5976
3941 4361
3243 5089
2087 3030
452 8008
1551 8767
6734 9592
6515 6740
836 5220
1497 9673
4508 5012
447 667
4478 6954
2946 3565
5269 9539
516 4970
4807 9114
3864 7398
872 5324
630 7420
4664 8969
2396 6439
2145 7216
3805 7336
4598 6650
4601 5575
1344 6488
6458 9051
1813 7104
3876 9877
470 8517
912 7169
2563 7239
2004 2790
1006 9536
6071 7184
2072 2889
931 4937
1435 3428
1422 1424
3968 4886
7508 8177
586 979
634 2057
4783 8917
5136 5864
1964 4013
7133 8334
1164 3361
3781 9612
8415 9816
2782 9283
3475 4445
2255 9293
3903 6327
1338 8947
5307 6964
3989 6748
3014 8894
697 3942
5363 5472
2335 8123
8161 8417
5301 6361
1194 5853
5574 6725
6121 7937
337 9805
3356 7584
1747 8856
337 6133
6514 8138
953 8524
1993 6612
45 1923
475 620
330 9507
218 3527
1027 1816
1513 1806
4138 5767
22 8440
1711 3139
5958 8626
31 274
2113 3033
5851 8397
2957 9485
4560 7120
5394 6981
2751 3231
59 2508
5343 7125
8403 8869
6532 7511
5184 6919
4600 8322
7147 9319
1438 5707
8063 9993
7742 7840
732 7270
3370 7408
3984 6481
5367 7539
1109 7464
4475 7090
4821 7116
7417 8780
86 5949
80 5631
4771 8918
3287 7814
3591 6422
3426 6800
827 9597
507 6191
3138 5331
2677 4887
711 2492
1294 9914
7537 8779
1078 3561
2656 5015
1401 8496
3779 5952
1493 9732
5427 5437
205 3162
21 6067
1192 5257
4800 7829
992 5882
3563 6084
6555 8371
613 8148
5647 6251
2291 9409
8776 9700
3456 7677
6559 6723
1214 3430
2986 5793
5126 8005
960 9481
919 1846
2525 6587
2675 3707
4561 6886
4538 9936
450 8473
209 2626
5795 6933
5203 5891
1057 6002
1914 5316
8629 9615
3937 8552
5090 5536
3641 7098
3342 5992
6202 7898
4000 5052
5386 8009
2004 7925
84 1638
2846 6362
5690 9266
2672 6450
3546 4115
3071 7707
6359 8553
1244 3753
2391 5853
811 7693
1741 2073
1961 6206
8992 9506
8064 9882
926 9896
3493 6436
1117 8431
968 9010
116 2611
7255 7933
3007 6118
1256 3326
7771 8144
4981 5891
295 6968
5406 9261
4509 8887
4551 5558
1267 7002
4371 6768
1575 8571
1291 6307
1691 9143
1113 9358
1115 6949
2504 4374
3411 5483
3314 7937
3229 8582
3278 5919
4863 9112
1610 1924
1152 3431
311 1226
7759 8989
7118 9039
3341 4732
2649 4559
420 4997
4367 4954
7235 7913
5089 7712
8325 9048
3785 5838
722 5711
3026 3259
3884 9448
2162 7138
2033 6837
1187 5461
1589 7497
1680 6109
4115 7761
61 5807
3057 4848
5943 6278
2591 8729
215 766
5810 8244
197 6453
9111 9765
378 9900
137 7519
6575 8830
369 4184
2937 6849
792 7920
103 9859
1443 5249
5493 9416
9101 9183
2271 6584
4870 9927
2975 4157
4205 9132
3530 7990
4677 7126
3204 5285
4512 6958
6039 8515
8268 9768
7881 9135
8332 8643
6953 9018
7311 9585
4316 8963
6434 8891
5787 8369
1641 4582
1665 6215
3008 4228
7244 9148
241 3275
276 7565
887 8400
897 8493
1775 8962
1359 3880
3082 8233
4269 5918
5291 5852
761 2143
2802 9451
2277 6974
1055 6367
6660 7437
1157 8891
8067 9469
4968 6932
3631 8699
4894 7637
2668 7910
2421 8532
7250 8045
815 3393
2083 5520
7278 8184
7433 8634
5062 5411
1570 1624
2036 7446
1591 6232
1459 4479
2811 3102
5116 8293
3351 8803
7206 9710
229 4156
5031 9992
4040 9108
5739 7692
2502 8732
2084 2543
1654 5365
2017 7767
5195 7093
4876 6059
753 6821
4946 8471
2369 3274
5502 5743
1035 8807
1379 5880
5772 6053
319 3861
1456 3765
5149 9755
1527 2974
2499 3935
8591 9772
7367 8778
998 5596
855 4969
133 1590
2880 5099
123 2849
1632 7966
216 1850
736 4844
4193 6695
1762 6140
3483 7231
727 4575
523 3766
2502 5466
2457 5745
6279 8282
2467 4036
5451 6662
1012 5130
4865 6713
7468 8752
1591 5302
5607 5973
5696 9743
2612 9355
538 2243
9660 9692
4057 9559
2246 7132
57 2942
3856 4389
6366 6466
1635 2564
939 5243
1719 2091
2262 5822
7049 7708
4672 8403
937 5863
2394 3265
1098 9382
5766 8286
200 2040
6812 9423
6429 6537
2862 7593
1568 2911
1739 9095
1472 9285
3476 4792
6478 7516
6771 7855
5241 7334
4329 4585
4067 4366
756 5439
4494 6866
1670 7992
3076 4606
2491 3789
4812 4933
7350 8881
1058 1956
4137 7138
8565 8593
4584 8414
941 4073
4709 6499
2156 2509
385 5679
4174 5185
347 1045
9482 9733
986 9247
1843 4237
1381 5972
7793 9015
3113 5005
643 3449
5282 9156
1085 3980
2005 4391
5496 6340
4166 7978
370 7790
765 2110
1667 8835
2973 2986
2122 6463
1988 2648
151 4437
2810 2985
348 1628
479 7676
5917 8606
2851 4413
3088 5067
8893 9527
1212 5546
1051 1798
1221 8376
2105 9439
3428 5046
5519 5871
2079 3388
5627 7223
3044 9258
4089 7893
5247 6672
1330 3874
5628 7623
3046 5442
2268 4685
1129 4056
341 3590
3192 8225
3563 8787
3640 9064
6962 9546
1952 4897
2199 7838
5799 9025
2449 3430
4593 5441
220 8086
2075 7239
3280 7970
1812 3343
2638 6991
921 7392
5199 7177
6064 8567
2413 7750
2106 4405
1350 4676
1292 2608
5567 6587
6782 9194
4200 6244
2251 7903
828 9415
2923 4469
4470 7037
1190 7825
743 9804
2010 3758
2298 7931
2306 7228
1291 8701
8162 9618
4324 5372
1042 7268
3095 7482
2688 4484
7254 7547
3548 3646
957 4583
858 6405
2227 4186
3623 5773
694 9727
4175 8358
719 7615
3984 7658
2538 3069
5566 8189
2918 4106
1678 5670
4767 9615
5286 9769
5168 6307
4246 6325
6725 7199
1562 3433
8340 9419
1230 9324
2233 8453
7886 8740
9206 9773
4835 5477
173 9398
208 7171
3748 6019
8122 8596
2146 7054
2800 4801
1028 4844
3512 4974
4550 8707
4151 9307
5555 6721
3737 7119
811 3089
1780 5144
5741 7052
2114 5616
1977 6853
3533 7961
2414 4367
3059 7083
4351 6197
4065 8563
1999 3970
2112 2974
2725 5747
2103 6965
5401 7855
1440 7091
182 2126
2716 4412
1026 7236
7315 9031
2888 8687
2342 7013
1094 3378
884 2344
2378 7117
4480 4663
679 3609
2744 3898
1478 7415
3043 5883
140 8791
5934 6505
1560 4257
7476 7541
1552 3247
1132 5568
4395 4462
5058 5805
1361 4441
596 4909
533 3225
4837 7021
5183 7407
4526 5916
2569 6277
5887 7647
2883 6154
2364 5091
6221 8469
34 7197
4373 4383
2187 2953
3897 7891
1707 2873
5344 8301
5714 8111
2835 4739
3842 4030
3933 7294
3093 9683
2218 7267
1968 8936
6274 9715
280 6696
5064 5364
5840 7664
6166 6249
1194 8249
3484 8831
4821 5399
2304 4791
8830 9704
1367 4819
1684 7020
738 7374
2734 8811
666 8697
4352 7507
5592 9271
6350 7175
1282 6878
1879 3889
5315 7086
893 9312
7304 9057
1377 5197
7750 8092
2068 4913
3001 7587
6494 8507
594 9636
5815 9702
2540 4884
1376 1593
2029 7454
1127 9061
860 5319
5229 9263
3112 3266
2737 3570
3165 4442
344 7059
132 7695
5093 9522
6843 7713
3375 8736
1729 9363
9096 9471
4163 8874
1705 8352
1247 9773
5965 8906
3121 5054
3965 6917
416 3821
8225 9084
448 7304
7887 9167
4565 6885
4196 7259
2294 3227
5402 6419
1755 6134
7719 8811
1423 1513
7967 8521
1815 4154
5678 5681
6677 6760
1659 6354
5416 8429
7214 9170
7180 8607
221 1247
2062 3236
2716 3190
4479 8501
1100 7823
2690 7994
1576 5892
2190 8771
1012 7442
6277 8901
426 8158
71 4464
4281 7436
5613 9582
5418 7665
2509 9754
704 8430
2476 4977
7131 7702
772 7439
1388 8271
5092 6036
3911 7611
5473 6913
3775 6164
5725 8079
2901 9165
3438 8137
8056 9990
2058 2965
4789 9052
565 2933
3796 5986
1360 7789
55 4702
1441 7775
759 7086
837 2598
7608 7862
74 3649
4989 5522
1390 3142
3193 3532
2542 6394
1446 6969
6738 6952
134 8929
5072 6454
3829 7029
6080 9315
715 1268
1712 5395
2374 7174
4890 9661
5515 6948
1528 2044
9054 9820
3221 5630
1243 5518
163 7687
7420 8951
5158 5718
6168 6607
1120 1425
1435 3105
2694 3023
1402 7551
2375 4502
4705 6348
161 3925
1324 4817
5180 8914
4665 9833
1133 8718
9583 9627
4610 5226
6472 9783
6048 7648
3491 7370
1207 4814
3989 5657
616 2214
6628 8450
7348 9422
5380 9682
5368 9360
2117 9590
216 1426
6219 6995
420 6961
4332 4644
5254 9447
1 4570
872 2702
5303 6005
3245 9340
658 9367
7773 8094
2410 6437
2639 8600
1431 7792
922 6240
1488 2633
367 9466
6540 9949
2548 4963
1599 5071
5330 6635
1402 2572
3162 5682
2582 9572
4994 8985
771 9771
3015 8336
1230 3574
4654 9927
4609 6541
807 6590
4377 9609
4533 8047
3178 8265
3493 4018
8257 9048
5211 9454
3080 4578
4074 5430
2041 3858
136 3110
2784 8091
6911 9787
294 2808
4350 8870
1272 8610
1483 9320
2505 8416
3244 6035
2356 3680
2886 3697
6200 6385
479 2789
2194 7817
945 2852
5001 9935
2757 9201
951 5131
2385 5293
6199 9118
2460 5610
630 8262
381 6876
7124 7843
4044 5596
3184 8439
3099 4602
521 9462
3682 3823
2485 8239
5619 8752
577 9174
6895 7690
6772 6926
5326 5425
4039 9627
3146 4460
4262 9327
2940 4253
5873 8393
5905 9560
4394 4760
4864 8566
6941 8356
4143 7688
5479 7362
6629 8635
1685 7432
2613 4741
2334 6904
1283 5614
703 2949
1042 7353
2859 6042
1077 7152
1853 8270
2166 2308
1561 9020
4172 5879
1224 1825
787 1218
3171 6009
978 5306
2516 7198
1044 8379
6174 9205
2526 6733
2270 9742
2134 9554
3067 9601
921 2843
4841 4934
2822 4751
6053 9264
2478 9060
147 6083
330 3699
4427 5763
2468 4292
1122 5833
3947 8988
2261 3849
6143 9335
5177 9869
1840 9730
4826 7609
1001 7571
6642 6807
2319 4379
4100 4917
1942 5076
7682 8720
3254 5234
2290 6315
623 8283
1752 2997
517 3946
5611 7911
359 9035
4637 7482
640 4134
1249 6619
5822 9846
5801 6331
1917 6391
1735 5248
6697 8813
1830 7708
3925 7873
1355 3749
7096 8700
2750 5585
3778 7341
4120 7904
8731 9709
2114 7097
2885 3618
5909 8387
4295 7864
1749 2171
1444 2912
3624 7567
744 7333
526 7500
2462 5779
1887 6451
2785 8528
2058 9941
5573 6073
6026 7457
2970 5680
5361 5495
47 1906
1201 3937
9280 9705
2039 5782
868 9276
94 3583
2901 8435
3526 7478
994 4708
3354 3791
6581 6870
559 8983
4274 4636
5400 6318
1112 5296
2052 7141
6089 8836
696 1151
6591 9152
3544 3715
520 5644
465 7042
2136 9599
813 7991
4843 6524
8032 9211
5158 6412
2312 6225
3263 9552
2890 7892
2451 8690
6671 6739
6338 6900
3751 7564
2739 8440
4951 8613
5988 6248
1690 2693
550 9189
7530 8674
1489 7163
1573 8218
2659 7785
3811 9735
606 6836
1962 7299
6723 8806
4503 9399
3119 8279
2646 7377
2541 8362
2176 4518
932 8661
5608 7639
26 7834
5483 6507
706 2252
1305 7026
7731 8624
2189 5796
1748 9753
2588 6860
4825 9494
6670 6839
6826 9925
3051 8060
6398 8505
2909 6742
4962 8749
1013 4514
5287 6568
3999 6296
2872 7607
6770 8709
2962 6531
7305 9065
555 2151
3978 8576
3071 9819
3306 4297
4088 8159
1200 9807
7780 7976
2206 6078
3891 5070
783 8317
46 3492
1912 9967
340 2049
4559 7803
1504 6115
2157 5198
1965 9177
2420 5153
4582 5486
1913 3676
2621 7961
4284 8301
6111 9933
2882 3829
8372 8958
4587 4641
5423 5435
400 5780
5283 8428
5295 9078
551 6837
7552 9947
637 2500
7189 9544
254 8750
8706 8934
1790 2188
2906 7803
291 6970
825 2490
2740 8101
4178 9405
1427 9639
6365 6464
2586 8540
307 5001
632 7641
3348 8179
41 8773
4835 9763
268 320
3517 7202
2007 8982
6328 6667
3146 8124
7142 8316
1484 1504
4348 9780
8445 9912
6198 9465
3857 4579
4140 7386
1216 5391
6032 8618
1134 8939
300 5917
7964 9442
2915 3632
1540 1796
2546 7412
5408 8091
6384 9667
509 5947
6481 9714
2150 6302
2621 5389
1775 2428
1354 6707
2860 8686
6495 8653
2100 4741
1069 7865
1124 8281
1673 3830
1257 4131
600 683
952 6178
535 7171
2704 2850
4827 5494
1760 4591
8013 9555
7721 9219
4319 9090
1763 8727
1517 4396
6653 8620
8979 9934
671 1901
3534 4175
1695 1864
4728 6224
976 2142
9479 9679
231 510
4465 7657
1983 4303
4851 8421
93 8946
4698 7582
1928 6152
2185 6681
3010 4716
1887 4780
8495 9976
5649 9938
4570 8093
5693 9858
7916 8414
252 2972
6215 6982
2136 5145
6101 7574
1227 5081
6077 6947
1730 6975
4216 8818
4911 7865
1852 5664
7881 9574
4657 7739
2956 8108
870 5782
4944 9880
3608 8602
4906 6270
2315 4291
3587 8744
3773 8658
4534 6184
2480 7242
5253 7010
5804 7650
602 843
78 3539
3671 9345
3997 8975
401 2767
2533 4213
6444 7683
4759 9666
1316 9488
3771 5593
5841 5954
1110 1989
2188 7450
5234 8675
323 3620
388 6255
3760 6554
2376 3793
33 2168
3635 4116
114 7162
3615 9440
4029 7361
2561 5712
2793 5324
2511 8993
1232 3420
4342 4696
4247 8399
1585 2210
7291 8967
4850 6792
4556 5398
2296 9472
378 1617
2766 5219
1046 4243
2228 2700
765 1182
880 4330
6419 7332
6708 7235
2229 5047
234 9652
39 2738
3230 3716
1553 1991
2025 7107
6329 8806
4235 4563
6175 9356
7774 9900
2722 9020
1556 4779
5688 6949
285 5133
2853 9743
3326 9535
3167 5173
504 9404
2925 6816
5479 8838
3639 4894
7188 7762
5693 5969
5886 7176
5178 6567
60 8928
2355 7121
6793 7302
4210 7723
1145 8175
34 8534
8011 9308
494 7272
919 8490
986 2815
2512 6345
2287 7233
8483 9138
977 9756
2236 5804
633 8472
971 8584
672 5677
6379 6410
340 1064
1574 3718
2050 3670
2192 5237
1144 5900
4484 5792
1234 8410
4097 8696
3898 9648
8910 9342
4830 8169
574 7366
4356 5635
6818 7985
763 7177
4020 8560
1071 9969
5783 7463
2219 2266
1472 7198
431 8500
3845 4720
1523 7749
805 3927
7230 8202
583 1286
7371 7503
2791 6554
1547 2121
822 3086
302 9834
4666 6100
594 5182
4088 4288
684 5293
1737 2603
5302 9445
8804 9563
4400 6813
481 2598
2164 4814
7706 8696
3706 8994
3418 9802
64 1318
4062 6915
4293 8303
7870 8576
1165 7956
118 8037
1754 6759
6428 7740
6198 7572
5446 6236
2506 9712
5605 8564
654 3183
1791 6237
1461 3895
6890 7174
8073 8466
1265 4271
1766 3116
1456 5565
260 5152
752 7635
3165 7694
2834 7047
735 1578
502 2118
4058 8871
316 7264
855 4150
5713 6220
889 9162
2169 2912
6129 6477
1271 6785
5474 6987
4064 6428
943 4880
1946 9371
1700 9115
5914 8533
1554 4883
3767 5195
6956 9233
373 1036
3562 6939
343 1355
231 5653
8078 9909
3896 6951
6659 7706
3237 8321
1995 8787
1091 4045
3958 9588
3163 9724
2351 6461
4236 4804
2295 4353
1559 8042
6407 6623
3328 9774
973 6928
601 5380
7469 8368
2892 7069
2612 5932
7990 8372
2337 5532
1289 4356
3761 7651
3511 4040
5692 8189
2524 9366
4924 5894
3794 6002
4101 9994
2772 4542
1634 8287
6437 8119
6060 6447
5073 6896
3483 7786
2752 3260
2238 8071
10 9920
1725 4473
4993 6533
6642 8355
3128 7074
5201 8477
7849 9753
4962 6415
90 1901
1432 9258
8219 8674
4942 5658
1696 7909
6728 7480
7036 7057
1751 8545
5118 6474
1237 7212
4779 7479
5143 8838
3251 6726
3597 3657
6082 9738
3175 4773
4380 5590
1342 6353
188 7399
842 5190
41 8509
4296 6966
2172 4827
3732 5148
174 8242
382 4502
5797 6460
5795 6424
632 838
2478 7505
3148 3222
2711 6057
1458 7430
2018 7597
4237 8141
4354 4418
1711 6045
8224 8347
2501 3906
1193 8974
3214 7913
101 8611
3510 6547
8285 8717
9396 9973
6861 7600
1244 6623
8398 9449
6545 8897
5052 7493
4387 8199
3153 4166
3529 3628
1121 8167
4569 6914
1796 9889
2533 5539
2827 9892
3182 7312
2440 3264
7743 9050
988 7643
2063 4620
1666 3285
6677 8071
1125 3288
2446 4458
143 8902
1004 4215
2984 8785
1848 5830
1181 8289
5998 9707
4054 9440
2320 7401
1119 3237
4133 7906
3127 4068
1583 1792
1683 8212
8503 9526
4980 6457
8872 9737
1270 8516
2876 7926
2376 4853
2613 9769
3698 9557
896 6650
3017 4972
517 8719
791 2154
2753 3358
2827 6137
1977 5434
6964 7015
663 6032
1872 4399
5931 8693
263 321
4443 8540
3930 8929
2826 6354
6713 7218
424 8199
5318 7444
1137 3293
129 7435
436 4410
5261 7747
2332 2588
2322 3252
5101 8996
1327 4711
588 2876
1040 3901
2026 8115
5911 8261
617 7548
102 2587
2823 7816
4037 5866
6201 8586
2989 6217
2317 3621
2694 9390
787 5036
4082 7055
457 9628
27 9165
5531 9614
5109 8359
2519 7397
5465 7336
3400 8432
2710 4904
2132 9077
1202 8552
2565 8044
3661 4923
1501 5647
980 7103
6333 6924
4881 7358
7162 8952
3401 7097
6262 8616
3658 7292
4015 9468
213 3927
1848 4757
2311 8888
9446 9600
3425 7507
1101 9637
3615 5438
2022 9897
3177 5421
2913 8570
4005 6083
4999 9913
8621 8971
911 2466
2736 9660
501 8918
4510 4989
1484 7576
4575 6235
4009 7778
3833 5154
8712 9279
5475 6069
108 2181
2514 8566
7241 7405
4344 5898
1444 9624
7591 8314
7846 9305
5876 9364
4206 7251
5604 8149
399 7944
5300 9192
6754 9025
620 2070
208 6797
472 3695
181 1263
4641 7555
509 5329
4357 6975
1968 9752
8871 9788
3629 8351
1710 5289
1532 3383
8912 9470
9293 9868
7071 7561
5768 6877
7656 7769
6905 8613
8168 9612
1496 3444
341 9467
5735 6669
2899 8240
519 2080
2489 9851
8518 8879
1039 9893
3922 5603
1430 6572
2198 7908
7714 8595
4557 9096
1295 1776
663 5206
4925 5570
6364 9324
1834 6421
1642 2378
2078 8593
2867 9102
6371 9817
5161 8485
2111 4723
2120 4865
1682 4836
762 4581
7201 7357
964 9112
6653 8455
911 6504
1172 7504
4348 5381
4975 8238
6417 9343
2749 6925
5720 9247
4013 7998
1755 3848
493 3923
3365 5964
2076 9537
4315 7123
4644 6386
4221 6406
954 8489
1273 4980
7033 9977
1821 2224
2369 7648
3024 9127
1518 1521
1885 3626
3091 3541
4306 8375
9266 9309
315 2596
3337 9483
4103 7749
4068 9760
7140 9190
776 4131
913 1132
4917 6103
3599 9885
1138 5376
373 5700
5144 7744
3436 8036
5995 9926
4576 8703
5028 6147
8614 8804
2560 6712
4170 5292
1522 7474
2138 7573
996 6717
1083 6823
1903 3953
8509 8847
4440 9733
2982 9999
3865 7109
6729 8197
6390 8300
2780 3417
159 3094
6393 8261
7762 8817
5311 9603
4120 5869
310 4001
5551 6130
4311 6109
1715 8764
3715 5701
958 8490
784 9616
821 3355
1423 4828
7319 8948
715 6589
5020 5440
112 4065
4764 5705
2203 3442
6156 8881
1971 9323
6401 9106
7068 7400
5765 9305
3072 7153
3844 8778
4604 8815
612 3050
361 9677
6776 7024
7148 7186
6978 7701
1015 4423
4060 8846
1494 4322
694 8886
187 1021
388 7378
2522 3381
4489 8694
3759 8765
5033 7752
759 3056
795 8438
2147 2905
1259 4680
6703 9695
2749 5276
1611 2165
1986 3417
2436 8222
5449 6209
5357 5434
1392 4631
6155 9807
1753 1766
1034 9572
7484 9326
7590 7914
1367 2574
796 3974
1129 9986
164 5379
2274 2657
7562 8486
235 5120
963 2537
6896 8472
1060 9718
1007 9379
803 3736
2068 4233
7813 9821
4611 6498
4168 6085
72 4788
1731 8770
1209 2518
1685 6468
2733 7460
302 1577
850 5581
490 9541
8216 9868
300 3711
3114 6996
6546 9126
1976 8053
3918 7586
772 5994
3152 4736
4742 9875
660 3558
2444 6068
4511 5162
942 8363
1306 8174
4890 8835
6462 8795
7349 7406
163 5832
4024 5373
1659 3737
