1000 999
198 812
8 946
207 589
264 930
78 675
408 602
298 560
734 755
59 184
296 565
555 824
13 209
293 468
301 772
252 261
211 792
259 918
545 687
723 731
361 838
206 536
434 995
623 834
302 899
697 1000
140 527
608 673
23 947
29 94
272 941
45 641
105 423
299 498
372 449
592 806
33 352
395 763
799 828
326 551
614 672
459 706
231 847
49 95
318 328
887 955
165 966
205 814
586 812
119 370
365 574
323 668
961 994
725 797
769 996
345 657
654 967
163 598
794 836
194 808
536 869
29 467
359 586
116 456
443 963
405 609
189 401
235 937
449 558
56 592
264 796
144 303
572 584
429 667
279 370
119 362
872 899
101 208
247 337
347 581
239 250
73 742
437 898
545 743
81 933
41 776
295 384
1 824
382 607
54 691
291 835
296 448
365 415
277 447
598 744
285 708
258 650
224 492
613 702
621 981
153 187
203 648
179 519
171 344
219 311
389 559
64 329
331 967
547 552
178 560
162 380
406 482
241 866
136 751
496 518
339 534
341 604
307 539
224 235
200 669
50 243
134 916
391 977
113 583
410 881
726 877
591 825
267 313
685 823
610 669
3 633
333 805
72 459
54 651
636 861
305 330
22 971
377 540
218 844
115 307
289 925
322 594
478 677
70 91
493 590
358 613
577 822
117 510
2 923
570 737
351 532
134 202
595 692
601 817
473 952
5 21
462 544
752 753
161 196
616 747
780 832
520 547
698 705
371 518
44 51
740 773
275 942
76 88
413 465
279 386
98 802
417 854
317 425
408 479
355 441
156 439
420 484
83 130
57 508
657 781
55 223
284 717
171 890
65 904
750 870
262 378
683 714
129 685
75 626
546 679
115 211
516 650
69 368
47 926
453 803
555 841
266 607
480 730
418 514
444 600
522 929
497 979
151 314
236 943
221 909
99 333
52 266
114 145
203 628
180 513
22 674
541 781
580 707
124 997
135 573
111 939
253 778
35 982
205 715
168 730
485 962
339 794
169 248
201 944
338 971
82 649
158 268
192 583
649 688
10 935
325 953
297 498
430 864
50 441
110 283
606 838
271 301
34 399
63 800
515 645
635 992
166 940
215 915
724 939
584 857
787 826
180 718
95 332
149 996
144 511
106 673
725 867
646 886
286 784
193 291
446 968
397 841
542 732
131 993
216 912
485 578
407 767
312 808
530 817
617 856
183 420
196 885
90 513
345 571
81 191
550 887
832 926
406 496
120 419
8 875
516 746
308 640
176 577
347 540
199 777
258 757
460 927
14 682
187 446
419 789
484 774
218 901
695 907
108 304
107 690
451 863
93 530
39 173
383 564
587 983
862 898
668 914
660 954
153 934
194 670
112 760
234 622
83 535
30 957
237 383
506 756
489 932
469 538
25 638
684 966
500 595
246 820
117 381
45 271
170 888
683 905
436 517
328 535
41 618
243 720
707 955
84 653
9 43
148 580
135 495
227 830
858 998
217 703
217 761
222 288
137 645
811 970
30 735
27 311
121 133
250 912
195 746
36 728
139 476
85 121
474 679
575 796
118 354
66 739
206 245
175 270
21 630
517 655
229 504
158 201
779 976
358 984
594 989
102 922
207 462
197 298
1 672
322 397
391 701
764 818
273 521
921 931
69 494
735 799
110 490
237 642
104 947
245 410
363 828
152 699
354 769
845 1000
96 225
89 346
27 472
220 864
4 6
19 263
492 990
909 965
285 559
305 396
445 883
624 868
143 428
336 457
427 659
292 390
527 882
290 373
321 621
238 566
23 600
284 587
779 889
262 980
562 573
423 711
743 877
398 402
263 927
690 800
100 897
103 755
763 775
334 786
346 742
219 651
342 876
85 778
400 753
172 193
819 904
3 568
209 626
267 283
663 716
368 551
63 86
5 192
62 562
315 945
89 315
790 842
24 525
197 948
65 306
499 501
392 404
66 494
722 846
241 309
138 885
302 366
295 556
62 321
82 525
312 378
438 596
438 888
297 750
350 428
269 405
79 749
827 860
188 733
337 830
7 748
112 445
840 884
215 384
630 738
123 172
167 174
754 906
554 579
426 617
458 798
87 452
541 896
599 913
142 731
475 895
724 816
56 254
334 376
425 629
232 614
12 37
77 409
122 634
57 509
256 616
257 294
324 873
257 433
276 399
174 255
704 833
470 820
390 453
128 997
374 627
36 859
512 795
109 818
343 930
664 797
46 951
184 852
793 994
367 436
154 851
91 702
502 714
806 934
455 620
183 489
116 502
442 565
364 556
493 563
216 385
151 526
363 637
357 675
150 876
52 335
471 978
911 992
146 491
618 965
687 900
771 964
680 747
471 924
387 638
185 377
61 101
71 252
360 546
507 982
700 871
353 660
960 991
244 803
208 759
80 145
506 752
320 348
710 902
917 938
505 783
605 814
186 389
272 860
265 355
698 951
226 865
716 847
26 891
229 603
152 989
501 786
463 467
198 868
519 785
309 918
785 815
393 999
795 848
306 486
381 956
710 762
106 254
37 515
210 958
421 625
59 244
426 700
60 212
359 732
407 509
17 694
350 852
703 807
9 684
849 895
249 789
544 647
96 522
582 721
693 983
619 722
602 791
107 225
507 633
483 681
32 42
60 809
361 975
190 524
680 839
61 568
136 699
652 739
500 859
460 897
861 957
2 195
531 665
380 949
148 503
505 807
113 835
433 849
437 588
646 985
503 963
382 782
338 920
300 770
520 593
13 793
479 878
663 744
348 837
344 653
154 177
288 884
619 879
666 948
400 924
677 696
191 411
93 962
372 737
483 561
331 641
105 482
450 569
642 853
160 232
214 678
256 987
572 741
122 856
432 869
131 738
202 640
463 972
644 775
289 403
40 100
28 233
870 891
486 606
68 634
326 514
253 681
342 468
313 929
270 757
686 705
823 850
440 961
654 975
247 596
114 628
327 537
127 854
422 631
631 848
32 369
156 850
356 950
293 524
140 919
246 809
457 804
104 610
280 623
418 760
881 922
287 894
24 667
395 715
222 590
639 764
34 469
542 723
265 913
132 553
233 367
173 643
141 451
985 986
15 87
647 736
330 409
39 274
53 979
132 163
310 374
190 625
549 995
385 474
379 612
18 336
269 274
234 936
126 213
676 843
488 914
125 969
706 893
221 819
143 833
137 624
324 936
28 636
275 821
76 214
388 550
375 481
910 972
713 813
70 444
223 510
129 908
878 998
615 879
829 840
169 782
14 375
581 765
127 921
97 231
440 827
48 563
278 984
281 767
58 495
80 220
871 890
464 692
353 720
574 579
341 729
18 55
74 883
178 226
155 674
403 678
48 733
280 427
435 512
585 768
412 557
251 473
155 511
608 816
249 704
251 655
166 303
68 282
15 188
147 959
185 340
159 227
709 949
973 981
844 851
727 874
150 758
362 682
718 729
480 532
276 815
415 696
304 708
31 928
74 319
488 635
260 805
31 656
662 834
349 911
111 431
71 357
450 615
186 772
414 564
533 802
181 487
176 575
332 950
537 774
175 766
686 974
16 969
109 882
86 894
670 960
637 917
51 290
204 528
160 928
7 442
593 713
656 661
553 736
548 944
64 946
435 477
472 643
323 721
831 845
38 903
711 831
4 310
139 970
179 666
604 652
543 712
531 825
58 67
576 777
92 552
259 919
379 748
661 910
44 629
745 933
103 242
319 873
47 923
182 404
168 458
318 538
78 432
16 857
240 414
157 567
356 644
416 836
826 862
189 892
92 701
443 811
161 839
200 412
576 588
236 986
281 620
533 597
762 964
300 491
953 976
665 943
10 691
181 287
130 567
728 804
745 920
317 388
719 790
557 863
771 798
182 242
17 373
352 417
829 866
72 689
20 925
49 434
475 741
102 146
108 903
447 694
439 791
470 865
19 695
612 783
316 639
212 477
558 988
67 689
38 431
118 822
147 529
867 973
548 886
676 991
133 138
526 726
549 770
12 591
693 842
671 956
273 664
523 751
308 343
149 589
286 754
282 627
268 605
260 893
392 570
292 448
230 765
159 481
97 128
632 932
162 294
880 941
277 776
25 788
167 499
421 466
424 902
11 487
429 837
658 874
758 792
88 810
658 855
394 880
164 430
42 371
278 455
768 938
875 896
761 905
170 456
554 855
766 906
230 977
386 585
261 889
534 990
393 539
422 942
366 490
73 609
320 697
53 843
801 900
98 325
603 999
940 988
454 974
611 662
165 599
210 892
77 141
349 351
387 846
466 712
177 396
329 566
46 79
213 369
327 931
248 788
240 255
157 954
978 993
787 935
528 968
75 756
734 813
717 853
907 959
33 228
199 740
465 543
316 916
504 872
6 952
204 314
228 561
454 529
40 120
452 801
11 709
124 622
340 759
164 238
360 497
94 335
569 773
125 508
521 571
424 858
35 749
582 780
26 810
90 901
821 937
611 945
99 416
648 719
364 464
376 632
398 915
126 401
123 461
476 908
142 987
20 239
578 980
299 784
394 659
413 478
43 523
411 671
402 727
601 688
84 461
