1000 1000
239 304
437 849
239 712
316 877
502 991
13 949
239 691
437 587
502 685
25 100
176 227
6 55
502 619
13 712
786 819
587 685
587 877
6 635
474 602
83 364
203 439
8 585
474 856
25 618
25 874
13 86
52 223
239 485
13 100
13 239
502 712
502 635
239 602
306 502
6 120
6 316
6 304
326 663
25 731
786 949
25 125
239 306
203 576
6 498
239 555
474 779
239 334
25 556
120 731
502 608
25 886
474 640
587 874
25 619
334 723
574 833
689 731
203 363
587 799
203 499
6 223
203 798
25 230
37 645
239 799
502 798
6 936
25 318
29 249
13 475
203 645
27 316
239 617
13 230
239 635
6 475
363 460
6 685
25 27
595 602
6 527
25 326
502 800
608 878
25 527
13 685
25 316
13 555
25 486
13 604
25 108
239 342
52 778
25 848
949 991
25 576
25 342
203 460
203 728
239 474
203 874
474 714
587 924
6 949
6 228
502 581
25 685
203 361
786 862
25 587
13 474
574 707
203 924
13 234
239 580
203 819
736 849
604 849
474 689
6 318
25 700
608 800
608 780
203 718
239 714
474 800
6 326
25 120
13 432
6 991
474 991
6 95
203 712
556 646
502 728
13 217
474 778
25 154
6 239
13 502
426 487
13 121
608 874
474 674
166 833
239 707
13 576
13 37
6 342
502 694
6 877
6 786
502 886
587 635
736 969
25 144
6 446
736 819
239 464
239 991
786 850
203 464
13 608
587 694
203 724
6 291
6 798
25 813
239 800
13 486
786 936
6 219
228 848
203 691
6 714
25 166
685 689
203 222
640 786
6 361
28 848
6 37
25 432
234 886
608 728
12 800
13 265
587 728
6 13
502 819
474 849
25 296
6 862
502 707
239 833
203 304
239 394
13 574
587 786
239 556
474 691
239 585
13 487
239 731
608 813
736 833
13 485
239 674
25 585
608 949
886 969
736 799
154 707
502 848
144 862
230 936
13 363
587 949
203 306
6 694
241 856
144 786
474 969
587 724
635 850
6 856
474 486
587 731
6 506
608 969
25 364
13 296
13 674
474 799
203 618
25 581
38 618
587 849
498 694
25 460
203 432
474 555
239 936
608 924
239 819
291 874
502 527
25 37
6 217
487 712
203 426
166 251
502 874
378 724
203 786
736 949
587 800
474 585
264 265
25 663
25 239
474 718
474 707
886 949
203 886
6 108
608 619
587 969
25 38
6 555
6 225
203 230
474 587
239 581
6 166
6 849
239 694
25 689
502 924
203 849
6 432
608 685
602 780
239 646
474 780
203 674
474 862
25 438
225 446
724 877
474 608
239 850
25 55
223 886
474 499
13 437
474 878
13 223
203 862
203 318
203 506
296 691
474 694
342 464
239 241
239 718
27 604
674 685
13 188
474 576
6 618
474 645
239 326
203 225
13 874
25 819
502 585
6 249
203 646
6 230
239 969
203 856
203 251
394 581
13 970
502 813
924 991
587 886
502 878
608 712
203 617
502 718
6 886
239 574
203 234
239 970
13 581
108 154
6 723
222 438
239 786
6 222
26 878
13 334
474 646
6 457
6 924
786 849
502 663
502 618
13 83
608 618
502 936
608 724
25 969
474 886
474 874
474 617
203 265
13 111
239 361
502 617
502 714
203 438
608 886
13 304
587 602
13 378
25 602
6 251
203 936
608 646
239 689
25 850
25 234
239 663
100 778
886 970
13 133
239 604
203 779
203 707
25 604
239 296
6 874
25 116
116 237
502 576
239 506
25 203
25 378
25 176
203 485
25 723
6 125
6 364
6 486
587 833
6 306
502 970
6 27
736 780
6 640
203 949
6 264
239 316
13 819
6 426
475 878
432 850
239 886
13 924
203 249
239 487
502 731
587 798
502 574
13 241
13 25
502 949
25 707
13 457
736 779
25 52
25 111
474 618
608 819
203 700
203 969
203 378
474 970
474 498
306 438
239 736
239 874
587 878
239 779
6 52
25 219
239 778
736 862
25 712
6 728
13 154
25 595
203 334
111 203
239 446
587 640
6 502
239 438
786 991
485 502
617 799
474 936
55 700
13 460
227 799
265 556
6 26
203 239
239 587
474 574
786 886
474 619
718 819
618 874
587 970
694 856
13 602
25 426
116 234
13 969
203 474
608 714
295 970
13 694
886 936
6 608
203 635
203 364
502 645
25 499
6 970
133 813
13 780
13 856
6 474
474 736
203 437
502 556
786 969
6 188
712 798
203 580
474 635
502 849
6 799
6 700
203 778
25 736
587 856
608 862
786 970
239 378
203 527
587 646
25 228
13 144
13 225
608 779
502 587
25 264
6 296
587 936
736 850
239 595
6 645
736 813
203 877
13 850
6 439
587 617
6 154
239 878
6 574
736 798
474 728
28 219
619 635
587 991
203 223
608 736
203 394
222 723
786 877
786 798
239 780
203 316
188 486
25 485
203 296
203 689
25 780
8 608
25 694
203 878
203 848
474 527
13 778
25 295
6 712
587 813
25 856
502 778
25 498
228 969
608 856
25 779
12 342
736 970
239 645
25 502
203 227
619 645
239 265
457 728
326 585
608 689
203 608
203 714
25 798
25 580
203 694
203 813
13 779
608 663
6 556
6 850
502 877
25 474
239 457
25 691
203 663
239 700
239 877
13 251
95 318
736 877
239 295
13 394
587 707
499 714
203 237
25 617
608 849
25 265
6 437
13 361
13 228
25 924
6 674
6 29
587 595
13 166
203 800
203 264
474 712
587 848
203 446
6 133
6 25
6 707
239 640
457 700
736 786
555 714
203 228
608 617
13 663
460 506
77 499
25 133
25 645
6 619
121 475
587 780
474 724
13 798
6 580
295 779
786 848
25 778
502 779
13 707
6 800
502 689
13 439
608 798
25 437
13 125
608 850
239 460
25 304
6 779
6 83
25 95
86 780
6 12
6 602
239 439
378 576
25 439
502 850
203 619
203 731
502 700
6 848
736 800
239 527
291 485
786 833
6 378
203 498
736 778
502 856
239 251
55 86
364 432
13 640
203 970
239 608
25 799
26 304
502 723
608 936
736 886
13 886
203 217
502 604
203 723
203 595
203 799
13 813
6 8
13 736
13 936
13 176
25 608
13 498
426 674
786 924
608 731
502 780
203 487
25 394
25 291
6 833
886 924
13 585
6 689
25 475
587 604
13 95
13 446
394 464
239 437
587 714
6 28
6 460
6 77
25 674
13 203
6 227
587 712
25 249
502 786
25 241
25 574
474 581
25 555
587 689
176 249
203 850
239 264
608 991
304 800
786 856
6 334
25 121
474 487
474 663
25 237
25 635
6 718
25 786
25 77
587 850
37 798
640 691
502 833
502 969
25 306
239 685
13 587
13 506
502 736
786 800
239 486
203 736
25 970
25 86
13 426
239 924
580 819
203 581
239 426
363 736
225 498
203 326
736 874
587 718
125 779
239 618
6 731
608 799
587 618
608 635
608 640
608 718
203 555
786 878
239 270
587 862
13 77
502 640
6 241
25 833
6 265
608 723
474 685
474 700
203 295
474 786
203 585
862 969
239 723
6 691
6 487
474 506
736 936
203 640
6 100
608 833
100 241
25 718
502 602
133 217
6 585
6 485
6 595
25 361
587 819
474 475
608 778
25 217
6 819
25 83
13 991
230 646
813 970
587 645
25 849
203 685
502 674
203 486
6 394
6 237
296 595
203 833
736 878
25 446
6 111
587 674
203 574
318 474
474 850
608 694
13 438
239 849
239 798
239 576
474 924
6 969
474 556
25 877
25 640
13 29
13 499
474 731
886 991
25 949
25 227
95 121
239 475
239 848
203 342
239 498
502 580
587 778
239 432
608 700
203 270
6 617
13 786
239 363
6 581
25 222
6 121
13 222
203 241
217 486
6 203
608 786
608 970
13 556
474 813
13 878
203 602
6 270
474 877
25 188
264 581
6 878
38 120
239 291
608 674
6 813
6 778
502 506
6 234
77 334
6 144
6 438
6 663
239 813
25 862
25 714
25 991
237 361
25 26
239 499
203 991
736 856
502 595
736 848
25 724
239 502
736 991
474 604
239 619
203 457
502 724
108 446
587 691
587 736
203 556
6 576
502 555
219 439
25 334
203 291
786 799
125 924
474 580
13 728
6 363
736 924
25 225
25 487
502 691
587 619
203 587
6 86
474 502
25 223
13 799
25 363
251 728
13 618
786 813
6 724
25 464
203 219
239 856
13 718
13 723
608 848
502 862
527 949
786 874
188 439
25 457
474 848
13 527
203 475
6 176
25 936
111 663
239 249
474 485
587 700
25 29
6 295
474 723
25 878
6 736
6 646
25 251
474 949
25 728
608 707
474 798
239 862
502 799
608 877
587 608
587 663
6 780
25 646
6 464
474 595
6 116
239 728
203 604
6 587
239 724
6 604
239 949
608 645
587 779
608 691
270 527
270 576
502 646
6 499
203 780
25 800
587 723
555 736
474 819
203 502
25 506
13 55
6 38
239 318
474 833
25 270
25 28
239 364
