500 500
228 391
389 408
1 39
131 452
39 272
222 475
174 209
161 169
188 226
411 461
162 193
121 348
22 409
259 381
82 404
345 422
36 361
70 290
157 329
237 447
9 175
46 427
146 322
60 284
95 219
59 204
267 351
68 260
289 426
12 94
197 458
71 338
56 464
269 478
350 486
1 29
436 500
84 205
136 304
40 86
152 337
18 349
344 490
212 249
447 494
263 381
203 414
293 473
339 374
217 265
437 464
80 268
288 314
147 311
65 256
421 439
186 303
279 394
309 432
3 292
57 283
244 481
33 462
377 466
83 353
262 333
130 284
241 498
409 482
12 244
151 389
5 100
405 494
115 467
199 342
166 484
19 251
137 207
142 232
85 189
114 275
133 172
235 313
170 400
28 60
99 302
48 414
89 107
126 224
73 472
134 187
386 419
418 495
238 307
183 497
47 159
187 263
156 358
122 390
287 306
353 441
96 160
78 127
20 463
214 491
253 278
175 388
230 243
72 246
158 332
183 315
8 369
117 429
136 284
216 292
26 132
247 445
42 130
277 384
167 234
6 176
250 304
104 256
221 355
261 312
78 312
120 486
362 428
269 430
41 372
53 82
11 220
285 364
96 286
6 358
201 417
235 443
180 291
397 479
69 403
377 401
185 393
51 492
179 223
265 457
142 367
84 248
342 406
2 110
365 369
11 273
144 281
356 455
21 376
356 401
383 439
251 434
202 380
243 478
23 446
104 291
128 460
38 490
303 318
76 124
273 352
50 239
264 334
103 425
27 67
75 91
66 396
145 301
7 127
118 171
182 485
205 276
164 218
40 294
286 482
5 459
267 363
109 184
52 245
72 215
326 385
161 444
259 404
177 449
117 372
282 477
120 138
191 493
255 318
289 425
143 344
30 158
308 340
135 167
91 330
14 144
153 473
64 67
178 379
208 469
346 450
287 492
232 324
272 496
348 467
225 422
54 172
89 483
150 178
124 285
45 461
85 334
366 395
27 266
195 470
51 240
70 346
293 411
221 363
62 77
14 300
93 314
129 451
406 440
4 399
61 229
324 487
113 375
319 428
54 418
394 479
307 460
140 332
17 421
154 155
106 261
190 315
44 228
419 476
53 469
83 258
13 313
108 326
3 485
25 105
4 163
157 280
148 225
300 378
336 462
87 360
274 366
119 238
18 30
191 297
203 290
338 431
64 112
271 415
16 343
29 245
295 483
149 275
106 195
10 317
2 227
101 368
97 248
125 305
94 438
383 480
330 430
173 333
112 408
268 493
49 328
456 466
200 458
193 206
382 435
416 499
351 371
133 270
108 282
448 488
341 387
47 99
7 316
198 368
214 412
153 423
31 200
370 491
71 335
148 242
81 413
135 210
23 168
329 433
87 255
66 459
236 320
241 442
224 296
327 471
188 470
58 453
155 373
361 380
90 194
43 274
354 446
328 424
77 397
21 335
296 499
79 354
98 206
197 468
73 340
63 420
169 173
35 279
231 249
65 489
295 400
180 254
121 253
24 81
49 266
213 325
347 481
95 110
281 440
192 237
246 252
101 280
119 410
337 495
262 424
215 417
164 165
105 278
392 434
8 489
37 103
136 298
31 122
115 347
416 441
283 435
239 247
226 465
276 433
254 480
321 451
38 92
339 407
20 370
233 331
323 449
107 111
88 412
207 396
46 349
319 331
55 252
297 352
198 359
202 497
97 201
57 387
185 384
258 475
10 398
181 496
159 270
58 223
140 194
32 218
129 350
125 472
74 323
17 114
257 500
170 189
308 415
37 217
141 444
32 44
209 392
184 277
80 390
19 139
15 154
41 385
196 429
34 437
147 452
301 442
35 109
431 468
210 474
152 488
123 220
55 373
219 298
288 336
311 423
56 359
13 33
196 230
362 456
345 365
302 391
63 341
190 204
450 457
171 309
305 471
177 375
26 36
371 436
69 294
186 211
92 322
116 306
98 179
93 357
231 355
113 208
100 131
16 163
128 174
168 213
367 376
102 126
132 227
374 405
413 498
151 229
75 386
162 310
15 402
378 403
211 271
233 240
150 165
25 28
50 299
250 463
102 325
160 310
52 379
420 465
116 257
222 320
138 166
123 316
76 487
111 299
357 477
79 260
156 410
24 327
143 438
45 181
74 484
42 176
242 399
443 474
68 321
34 445
234 388
141 382
398 476
137 453
48 146
139 455
264 395
402 407
88 216
236 426
59 145
118 149
62 199
9 427
317 448
43 454
134 454
212 343
90 432
360 364
22 86
182 192
