500 499
104 127
207 432
351 431
326 386
145 330
218 392
34 214
41 388
163 448
108 498
191 197
122 445
43 467
18 375
77 492
34 212
107 483
160 244
251 380
160 175
133 457
345 415
318 332
152 366
203 229
214 307
61 493
188 404
56 370
166 328
407 436
123 273
2 218
94 190
312 476
1 68
126 299
256 282
266 427
14 319
337 443
19 173
376 454
473 488
88 415
156 394
338 441
132 322
150 158
211 360
217 411
184 220
80 236
92 448
263 372
28 405
270 276
424 482
154 333
235 475
64 162
132 410
31 458
16 397
168 316
280 359
1 131
284 317
284 301
9 316
85 292
371 478
23 272
242 280
2 433
147 278
156 185
45 220
145 223
201 291
154 477
301 407
46 216
140 327
124 357
239 336
7 409
33 406
405 427
136 215
130 378
422 452
174 478
35 385
170 180
75 210
173 332
27 176
111 164
345 491
275 495
147 379
30 121
209 443
16 187
258 397
42 148
329 362
120 311
201 487
128 394
290 461
64 200
10 36
59 306
93 356
261 454
196 262
451 458
309 357
19 194
130 149
203 344
32 227
137 204
54 255
163 324
15 96
429 488
202 408
67 292
164 486
287 381
24 206
268 479
422 433
58 435
125 403
51 143
192 437
82 89
205 282
393 455
182 250
53 120
139 392
231 378
366 379
65 141
240 350
110 298
435 453
81 434
40 325
136 491
5 350
128 180
123 494
462 479
286 471
224 431
62 68
44 398
286 455
281 430
235 395
61 442
35 393
118 243
116 313
275 428
18 469
17 368
248 485
22 209
79 157
269 481
67 115
66 109
80 139
105 321
273 385
59 104
98 334
352 419
6 274
260 337
185 484
271 456
162 190
101 113
181 447
93 228
186 320
304 375
3 106
268 437
74 171
429 441
440 485
6 402
161 363
119 221
374 423
86 184
69 457
125 251
189 226
255 470
70 492
257 446
294 465
230 308
188 259
330 348
105 318
27 473
198 349
94 329
373 439
152 225
289 399
111 159
37 377
3 293
170 261
368 495
69 412
17 106
12 380
161 177
83 340
290 425
423 445
5 9
55 464
56 100
167 410
367 463
278 444
270 463
211 339
38 262
208 480
23 116
65 181
115 263
26 50
87 363
41 85
140 500
297 374
206 317
25 179
351 396
119 265
31 183
133 241
240 252
208 358
306 418
424 432
234 474
28 296
279 389
153 425
178 391
12 408
20 269
77 90
73 89
83 246
99 421
100 103
293 347
259 276
343 390
49 224
155 383
149 272
144 192
230 396
8 266
7 472
60 300
37 76
283 383
10 245
271 412
313 438
66 229
195 265
52 349
112 465
305 411
166 386
327 493
370 376
338 434
21 409
341 420
315 414
117 331
416 417
107 144
200 444
71 369
210 222
78 474
15 193
401 440
381 500
84 287
285 471
288 382
226 326
227 468
75 388
159 460
82 179
331 358
48 449
114 242
91 169
54 71
165 387
102 369
228 355
336 489
98 449
344 468
137 355
95 295
254 447
195 353
197 426
4 364
219 486
129 267
142 490
101 361
174 323
84 414
78 285
126 477
49 124
189 373
40 42
298 361
134 459
146 476
96 497
39 250
97 438
302 489
215 347
234 420
60 153
309 322
246 348
62 165
24 490
110 243
58 237
112 413
4 198
274 297
341 371
122 157
288 442
294 498
11 296
39 57
141 245
205 264
134 461
172 499
33 233
109 360
158 168
342 389
53 88
13 177
483 487
129 202
29 303
320 466
333 401
231 496
204 446
233 419
238 324
57 91
346 499
38 191
146 277
311 416
81 138
99 247
36 47
114 439
335 399
334 413
308 481
44 142
239 254
171 430
21 496
8 187
135 217
13 46
11 450
236 354
74 150
436 482
73 183
172 199
72 167
121 252
151 304
92 241
47 472
248 295
353 372
256 464
52 249
50 151
79 237
315 346
367 400
70 86
484 494
131 475
135 359
48 76
244 460
97 451
26 196
213 223
32 456
63 300
249 325
186 450
247 260
232 403
20 328
406 480
307 352
207 238
395 404
30 108
43 277
194 340
118 222
55 305
148 402
143 314
138 155
384 426
178 459
213 281
51 225
14 398
264 417
113 387
22 321
314 390
364 466
365 467
117 365
87 258
291 343
216 384
29 342
452 470
103 303
323 469
283 339
175 319
169 176
310 418
253 267
253 391
127 257
302 356
25 199
362 382
299 354
221 497
182 377
219 310
212 421
90 312
232 335
400 462
289 453
72 95
45 102
193 279
