50 91
19 39
4 32
35 48
1 21
12 36
19 24
30 39
4 42
15 49
40 42
8 28
19 29
10 16
4 39
4 19
19 27
26 30
31 45
5 19
25 28
4 26
25 49
15 25
22 38
12 45
5 39
19 30
26 29
31 34
15 16
4 43
15 50
30 43
28 49
30 42
13 40
42 43
30 32
4 24
10 50
20 46
4 40
44 48
19 43
10 15
10 25
24 38
10 28
30 40
8 10
6 47
4 30
19 38
21 48
4 22
4 38
5 40
19 40
1 44
5 32
32 43
30 38
17 34
28 50
3 18
19 42
8 9
3 33
13 27
15 28
19 22
37 41
19 32
23 47
7 35
4 29
4 13
4 27
10 49
11 14
4 5
5 30
24 43
9 25
40 43
18 33
25 50
22 42
19 26
2 29
2 19
