100 100
76 81
56 79
18 69
27 64
10 41
62 96
18 68
22 62
24 54
77 96
26 94
49 66
11 47
46 81
43 83
44 59
32 80
30 80
9 53
21 40
55 84
91 95
12 48
10 19
43 61
7 15
36 60
46 100
20 91
2 76
72 90
5 97
35 100
3 46
68 100
8 82
1 55
16 73
74 82
84 85
2 58
13 87
17 28
51 74
48 94
41 78
87 88
19 25
33 99
23 38
32 85
47 71
9 45
24 93
57 75
37 71
67 86
4 90
23 53
34 92
17 42
61 97
3 13
6 29
5 57
26 86
69 70
20 65
59 95
31 54
30 56
14 67
45 52
8 88
39 42
1 49
15 78
58 64
52 83
4 38
11 70
44 92
50 77
35 98
50 98
60 99
25 89
7 33
63 93
16 34
51 63
14 39
12 66
36 65
27 40
6 22
21 79
28 89
73 75
37 72
