1000 1000
849 988
73 420
585 648
374 518
391 666
94 868
200 677
64 731
130 762
216 234
401 628
47 165
599 655
114 438
361 406
157 459
194 555
38 335
269 721
617 712
278 385
231 978
670 956
606 993
367 369
443 984
384 634
822 914
351 565
316 622
124 930
176 560
93 460
869 877
130 544
334 409
254 256
607 890
62 573
110 356
143 291
329 768
100 259
108 575
408 921
346 659
66 783
386 925
399 671
110 666
257 957
418 890
114 934
793 981
46 724
314 452
594 843
542 569
33 836
70 206
244 625
289 772
4 339
325 624
527 638
428 962
552 669
46 593
451 618
337 541
849 893
719 790
540 847
246 897
142 529
854 906
734 886
254 452
66 730
458 516
140 224
11 648
809 839
125 145
238 765
217 709
743 982
969 995
562 619
20 674
463 650
203 982
115 129
490 720
724 806
106 387
221 673
148 598
214 219
315 749
78 939
14 167
199 608
481 999
123 138
422 935
627 870
477 784
23 71
153 866
26 394
382 892
16 864
541 588
2 587
242 303
182 198
753 961
311 484
556 697
670 788
287 468
496 723
465 817
478 983
155 901
427 939
302 810
91 517
440 843
364 992
39 658
523 898
15 61
22 58
393 882
162 495
790 958
331 536
297 365
608 795
32 964
396 606
433 827
689 748
258 385
40 989
314 721
342 590
557 827
320 998
12 352
326 411
27 778
473 995
344 807
616 779
322 512
603 899
104 332
249 279
577 598
327 793
524 925
390 716
332 357
502 532
208 937
480 586
290 899
107 777
595 987
294 447
282 382
372 392
16 309
493 698
340 786
158 667
31 754
457 818
198 296
85 189
745 808
741 760
154 697
2 396
474 773
629 909
448 986
322 327
714 914
205 799
582 766
144 716
75 380
303 589
83 226
293 976
70 728
347 999
652 875
243 663
86 683
171 313
268 871
545 928
445 659
770 900
180 671
420 549
207 738
118 357
550 821
651 668
160 242
310 623
81 706
82 741
261 917
185 480
383 402
510 812
400 631
162 288
236 800
174 187
364 449
539 776
461 564
175 883
79 947
55 991
97 998
183 857
111 694
229 504
200 570
419 466
370 780
184 237
282 456
186 355
841 984
665 889
417 850
71 891
43 828
630 950
870 922
78 388
252 734
543 929
336 528
144 187
84 368
21 834
505 837
394 437
490 980
122 470
547 583
339 352
45 584
160 816
179 410
510 703
649 668
375 715
253 277
228 931
25 959
351 856
763 977
462 855
509 958
150 667
644 778
135 287
619 705
348 906
508 837
415 603
823 922
348 484
58 497
621 807
789 859
885 893
433 731
151 448
171 642
55 373
152 775
27 580
276 908
48 494
17 408
831 887
240 328
255 301
112 747
626 826
7 397
229 537
139 360
266 777
578 609
306 858
215 491
186 383
227 508
487 963
466 931
642 943
168 333
196 825
188 213
175 235
190 534
446 460
434 505
319 768
840 991
169 815
119 485
844 951
340 551
302 479
652 717
13 816
245 248
374 692
247 946
26 729
41 98
326 558
138 880
89 753
141 342
680 942
288 548
251 746
124 350
29 846
561 707
269 868
574 904
738 739
197 623
202 713
275 774
172 402
184 794
477 758
292 838
225 359
546 714
568 644
443 743
67 345
194 780
511 581
237 744
107 632
592 988
18 179
729 954
116 371
131 270
21 852
794 895
116 997
478 955
647 851
543 886
252 932
115 880
120 146
391 813
80 149
467 527
504 663
215 679
338 578
733 842
323 748
533 769
30 611
549 859
238 919
85 747
682 905
271 781
105 737
37 805
736 932
519 639
48 656
53 654
531 676
566 638
57 750
19 869
398 591
756 971
87 752
118 358
103 256
548 622
129 335
86 891
19 728
283 688
797 974
377 503
218 693
185 884
156 688
126 559
411 918
201 664
218 614
307 530
1 243
835 896
547 924
154 447
259 711
313 872
9 877
255 464
353 803
523 895
264 365
538 760
507 943
94 936
434 826
168 726
708 850
575 657
166 320
470 798
362 823
143 657
354 554
81 897
88 571
483 518
77 694
636 942
96 916
304 949
52 927
737 887
117 360
696 946
431 854
106 787
500 972
689 871
683 755
177 678
456 911
359 653
872 948
602 909
8 430
336 881
163 295
862 944
284 665
50 68
873 933
771 874
791 804
646 755
95 369
177 293
469 706
72 436
398 848
299 486
4 567
63 353
366 569
444 736
183 241
519 795
126 328
528 851
502 654
605 860
441 582
415 818
157 879
236 601
80 551
503 709
212 626
814 915
102 412
136 965
323 430
32 923
815 928
321 746
785 947
263 681
13 100
372 776
377 531
650 800
3 405
149 439
405 513
42 223
63 226
358 653
35 817
131 936
286 742
595 980
172 421
764 824
392 907
431 594
232 959
564 566
29 371
24 101
197 757
535 915
272 759
75 830
521 553
31 139
201 333
88 378
10 345
99 375
285 441
24 76
28 834
195 661
347 904
815 820
684 735
499 852
831 861
462 881
239 978
286 634
59 132
159 390
34 924
641 953
141 176
125 596
786 836
49 579
426 830
506 944
615 672
468 876
56 610
389 580
280 759
263 427
473 865
388 404
844 986
51 720
196 970
137 289
690 862
159 856
230 329
233 464
343 762
330 486
36 173
268 422
655 994
499 801
109 732
489 494
717 733
300 968
189 756
62 587
121 471
53 195
182 210
774 889
602 713
146 274
498 563
601 641
246 798
65 180
363 488
245 423
613 710
609 704
54 264
386 516
127 475
310 687
592 605
127 857
679 752
901 967
279 820
479 685
267 990
169 454
355 555
525 769
618 1000
60 416
298 412
362 526
18 544
105 591
299 878
311 395
260 810
290 458
546 782
272 424
751 900
381 459
22 577
301 576
376 596
304 700
349 708
317 962
283 945
166 832
432 813
436 702
407 500
231 711
568 723
156 363
92 552
403 498
530 590
248 649
690 929
537 637
222 573
257 418
629 888
33 449
416 796
845 937
228 413
280 848
20 488
472 957
520 805
661 864
273 894
50 155
244 574
308 646
675 863
482 841
529 735
90 440
142 538
628 710
134 926
209 680
740 879
12 726
766 832
281 833
17 296
455 696
284 941
59 917
220 409
643 963
702 911
476 990
134 501
474 952
233 403
600 719
506 918
217 497
635 940
14 102
806 884
715 967
384 565
225 373
35 354
191 261
73 178
170 725
208 438
96 842
969 974
318 324
38 923
150 989
43 203
181 453
308 361
318 775
559 867
10 28
82 425
820 966
224 553
614 838
271 517
491 902
950 960
651 781
501 858
745 873
305 971
796 835
331 809
607 819
515 604
878 930
853 892
158 761
754 770
89 883
51 572
556 811
7 101
535 656
277 585
221 968
599 643
8 803
782 828
309 513
612 773
514 1000
5 673
148 270
267 471
521 802
821 920
49 337
204 910
275 749
133 292
910 951
406 600
461 956
882 907
938 985
54 69
554 615
920 976
522 772
240 970
147 181
30 404
636 662
379 701
72 765
442 825
193 571
824 905
93 511
767 997
5 41
395 453
424 867
526 633
6 624
691 783
37 703
393 992
95 658
161 933
294 442
367 695
439 515
136 540
378 637
763 973
161 455
563 975
113 454
476 482
122 902
69 188
338 919
42 616
863 985
300 987
512 701
79 291
276 319
77 913
750 965
620 945
414 996
316 705
681 866
117 972
315 865
223 366
381 625
232 579
74 948
211 550
192 241
235 249
227 419
344 953
334 509
295 387
34 621
45 349
350 444
220 588
699 779
112 758
481 704
274 496
463 610
771 935
426 674
281 514
492 903
487 822
44 174
119 894
492 973
128 662
266 698
467 686
633 751
137 727
99 792
414 791
888 979
9 104
485 908
209 306
36 678
120 639
413 524
379 954
56 67
785 812
557 975
167 955
475 664
111 926
356 718
193 368
896 979
145 265
3 432
164 202
1 808
87 370
191 949
210 260
597 740
213 722
121 507
627 645
417 961
153 686
211 247
341 593
410 983
128 675
744 921
234 660
6 583
190 250
699 912
68 960
450 489
239 718
631 874
222 840
380 435
561 799
597 635
206 739
445 819
170 262
84 934
47 913
163 876
343 853
97 693
60 133
278 996
164 325
407 792
298 640
165 861
44 321
204 839
15 205
346 586
98 927
545 764
700 811
297 784
11 214
312 903
135 151
376 788
767 804
123 273
725 847
533 584
76 285
572 604
401 495
435 542
113 312
109 140
92 451
640 898
558 589
265 722
446 525
251 787
437 465
539 742
645 940
74 83
421 581
57 560
687 977
108 964
52 65
132 712
472 966
25 941
250 562
611 829
230 389
632 672
61 212
669 707
152 192
399 912
219 493
630 829
91 258
450 952
253 576
173 216
207 423
40 875
103 536
199 324
457 684
39 682
732 789
833 993
317 691
307 692
532 613
178 397
520 617
660 860
305 570
676 938
400 534
341 801
885 994
64 761
90 620
727 855
425 647
522 797
695 730
612 846
330 802
429 814
23 981
685 916
483 567
262 428
429 757
147 845
