100 100
40 50
26 81
38 49
43 90
14 61
83 92
29 75
76 98
67 77
27 57
22 44
68 86
53 74
69 78
18 56
12 13
7 24
6 59
57 64
58 72
33 53
34 52
47 95
15 41
19 68
13 89
69 93
37 97
73 99
47 62
2 8
56 70
81 84
19 85
73 78
11 39
80 87
30 71
16 87
72 93
62 91
15 50
21 93
7 97
51 77
64 71
10 83
41 96
25 67
76 94
31 37
2 33
42 99
21 28
4 11
1 84
23 82
36 43
72 92
49 74
44 79
20 94
12 27
42 59
3 75
34 65
65 95
16 22
40 63
89 90
25 45
5 100
9 39
29 30
23 48
5 26
51 96
35 54
9 80
60 82
3 4
17 55
24 32
32 98
17 38
18 28
8 31
20 58
36 70
14 86
48 91
1 66
85 88
6 100
79 88
63 66
46 52
54 61
10 35
55 60
