18 55
45 55 5 67 83 17 44 43 44 35 97 61 97 58 83 50 99 80 15 57 8 5 26 26 27 99 39 68 39 68 41 54 31 53 58 62 73 86 8 2 60 7 75 43 54 65 39 86 45 48 47 60 64 7 47
97 61 39 14 96 10 45 27 58 8 87 36 57 4 23 83 11 65 84 8 83 64 29 36 61 7 85 57 68 59 70 6 29 39 20 16 66 30 83 12 46 80 72 11 63 62 17 84 36 86 20 29 9 69 24
81 71 19 32 64 48 10 5 27 34 3 39 73 78 85 97 98 13 87 52 48 74 92 99 11 79 81 24 65 65 91 94 62 44 22 96 48 20 53 97 14 32 99 88 78 21 41 65 61 18 100 92 42 1 90
10 5 3 48 31 37 79 47 95 79 40 28 39 18 52 44 73 48 67 7 78 14 93 55 80 55 55 37 84 13 36 36 94 21 39 88 99 96 91 33 49 77 20 48 9 40 60 22 30 88 88 13 14 66 79
71 37 14 19 40 40 13 19 65 70 55 49 69 44 18 25 5 95 43 74 68 20 49 76 85 11 38 73 39 55 72 75 84 9 81 98 97 98 87 74 66 34 20 96 31 71 11 90 98 39 45 27 70 1 34
16 79 61 15 99 43 54 70 98 76 7 49 16 62 53 42 73 79 88 34 8 18 12 8 72 73 98 28 36 47 46 17 8 73 71 46 79 51 86 60 42 81 16 81 29 26 91 11 72 68 5 68 9 73 54
40 77 43 59 83 87 23 99 81 32 87 35 35 19 27 84 100 89 24 31 93 93 48 89 56 40 45 68 95 27 82 42 63 23 38 55 42 70 94 68 34 84 28 22 99 97 73 72 12 65 77 17 5 28 61
46 72 63 78 67 73 18 27 11 62 16 74 21 54 72 91 80 49 73 58 42 1 84 92 97 80 80 35 18 90 18 97 86 72 10 86 98 1 38 33 86 52 70 61 2 42 76 52 55 25 25 23 47 45 87
91 63 78 92 48 13 59 51 60 27 42 98 10 34 27 12 87 86 73 87 17 85 74 68 79 38 90 50 24 60 52 80 79 99 16 79 46 59 68 76 89 71 53 57 78 19 72 26 23 16 61 18 91 27 99
99 49 61 1 2 81 14 81 30 4 93 57 28 54 83 58 43 94 14 77 73 2 4 39 65 67 44 49 91 79 64 8 49 37 83 41 23 66 49 8 9 14 52 66 47 44 26 40 33 89 45 11 41 81 18
8 86 24 21 29 54 97 67 5 2 93 53 54 67 38 76 17 17 28 45 66 24 44 63 75 95 55 7 49 8 37 24 36 35 30 95 87 39 49 52 38 2 67 10 49 40 78 83 41 58 3 96 73 95 65
79 97 8 44 1 46 68 72 67 26 34 25 4 41 54 58 41 100 65 81 51 61 61 19 31 19 28 64 20 36 80 9 66 92 15 79 87 15 68 47 58 58 30 53 37 66 95 1 95 94 99 89 95 86 98
11 24 40 95 73 89 93 15 94 91 19 98 54 80 70 64 42 54 25 2 61 85 34 38 74 53 73 84 19 55 49 35 58 1 99 24 62 33 82 16 61 26 83 32 59 53 14 68 53 19 98 36 66 18 46
75 61 89 27 29 69 67 68 72 90 47 8 9 65 73 35 51 1 53 99 24 31 69 16 4 67 88 25 75 20 36 29 46 62 55 30 40 6 54 94 25 81 18 19 47 20 19 75 1 96 25 63 84 34 17
35 44 21 37 99 31 15 96 8 76 100 76 34 94 29 69 64 26 64 44 33 67 37 7 22 64 8 73 48 19 40 9 95 44 7 20 90 48 75 78 97 35 85 52 97 64 47 15 88 87 91 100 93 27 58
29 92 85 59 63 36 1 24 80 48 76 69 94 85 2 95 21 78 12 11 86 29 52 36 61 93 72 98 28 87 89 64 68 30 29 83 7 26 34 63 90 7 60 71 58 73 37 76 50 91 44 27 63 14 32
40 58 75 57 77 49 84 75 6 28 71 39 8 22 55 22 5 89 11 65 65 86 64 25 86 52 70 82 1 98 46 7 74 87 55 39 71 22 59 11 38 10 15 74 12 64 45 2 98 50 64 77 86 90 73
74 97 4 13 61 20 24 35 44 59 83 48 24 78 16 4 52 82 34 91 12 26 100 23 8 98 8 63 62 59 59 64 56 17 5 12 31 25 40 65 13 16 75 34 6 80 70 51 54 99 79 85 76 33 34
39
65 41 61 48 31 2 60 89 42 76 25 80 85 59 45 23 34 13 67 79 86 91 81 1 49 68 53 14 52 5 70 48 24 2 10 53 24 31 53
